date,net_value,turnover,total_score,val_score,macro_score,sent_score,trend_score
2017-01-19,1.0004812,1.6872506,1.560002140700817,1.0,0.08774032443761826,0.47226182,0.0
2017-01-20,0.99892074,0.0009746775,1.568139836192131,1.0,0.09319914877414703,0.4749407,0.0
2017-01-23,0.9993309,0.00071650743,1.5685457438230515,1.0,0.0803481787443161,0.48819757,0.0
2017-01-24,1.0010555,0.00029645115,1.6081099659204483,1.0,0.12254031002521515,0.48556966,0.0
2017-01-25,1.001538,0.0016110986,1.6545881181955338,1.0,0.1695089191198349,0.4850792,0.0
2017-01-26,1.0043948,0.00071690977,1.6304488331079483,1.0,0.15608932077884674,0.4743595,0.0
2017-02-03,1.0035573,0.0068608895,1.6659340262413025,1.0,0.18361085653305054,0.48232317,0.0
2017-02-06,1.0055383,0.0026851147,1.6690335422754288,1.0,0.1797441989183426,0.48928934,0.0
2017-02-07,1.0087306,0.0010512918,1.6127944141626358,1.0,0.1189010888338089,0.49389333,0.0
2017-02-08,1.008548,0.00034686178,1.5987673327326775,1.0,0.09865795820951462,0.5001094,0.0
2017-02-09,1.0120344,0.00076472014,1.57622529566288,1.0,0.05942268669605255,0.5168026,0.0
2017-02-10,1.0108773,0.0021318495,1.5934712588787079,1.0,0.08296385407447815,0.5105074,0.0
2017-02-13,1.0081586,0.0014342815,1.5842464491724968,1.0,0.07329719513654709,0.51094925,0.0
2017-02-14,1.0096805,0.00020796806,1.567994024604559,1.0,0.05589720234274864,0.5120968,0.0
2017-02-15,1.0103382,0.0018268302,1.5943932831287384,1.0,0.08273640275001526,0.5116569,0.0
2017-02-16,1.0159248,0.0013981462,1.5518071614205837,1.0,0.04088544473052025,0.5109217,0.0
2017-02-17,1.0196687,0.0006804392,1.5451980344951153,1.0,0.03394819423556328,0.51124984,0.0
2017-02-20,1.0221266,0.0021359473,1.5247842548415065,1.0,0.014046239666640759,0.510738,0.0
2017-02-21,1.0232666,0.0015346557,1.5734170824289322,1.0,0.0630619078874588,0.5103552,0.0
2017-02-22,1.0233986,0.0010382757,1.5772022008895874,1.0,0.06749719381332397,0.509705,0.0
2017-02-23,1.0209461,0.00061763823,1.5790948867797852,1.0,0.06943053007125854,0.50966436,0.0
2017-02-24,1.0208406,0.0023829043,1.5656016133725643,1.0,0.054873671382665634,0.51072794,0.0
2017-02-27,1.0205945,0.0017968193,1.5372511316090822,1.0,0.028603093698620796,0.50864804,0.0
2017-02-28,1.0189115,0.0008044392,1.5364519618451595,1.0,0.027010943740606308,0.509441,0.0
2017-03-01,1.0176451,0.003859423,1.5684176310896873,1.0,0.059763871133327484,0.50865376,0.0
2017-03-02,1.0200337,0.0012161583,1.5647157579660416,1.0,0.05805797874927521,0.5066578,0.0
2017-03-03,1.0207057,0.0016179383,1.546543050557375,1.0,0.04213641956448555,0.50440663,0.0
2017-03-06,1.0189832,0.0031770915,1.5697377398610115,1.0,0.06465405970811844,0.5050837,0.0
2017-03-07,1.0153186,0.0019426867,1.5422719717025757,1.0,0.038724660873413086,0.5035473,0.0
2017-03-08,1.0154366,0.00079069287,1.5652401000261307,1.0,0.062265828251838684,0.5029743,0.0
2017-03-09,1.020943,0.0029295087,1.577904149889946,1.0,0.0765952318906784,0.5013089,0.0
2017-03-10,1.018711,0.005146429,1.358959749341011,1.0,0.09137953817844391,0.2675802,0.0
2017-03-13,1.0194838,0.0019043386,1.373857781291008,1.0,0.10627757012844086,0.2675802,0.0
2017-03-14,1.0242546,0.0040867776,1.5450349897146225,1.0,0.04441092908382416,0.50062406,0.0
2017-03-15,1.0217111,0.00012730807,1.5247206334024668,1.0,0.023712897673249245,0.50100774,0.0
2017-03-16,1.0228753,0.0017609671,1.5070258378982544,1.0,0.0,0.50702584,0.0
2017-03-17,1.0272846,0.0037507191,1.2675802111625671,1.0,0.0,0.2675802,0.0
2017-03-20,1.0273687,0.0078090876,1.7426533102989197,1.0,0.0,0.7426533,0.0
2017-03-21,1.0293518,0.004185997,1.5108380317687988,1.0,0.0,0.51083803,0.0
2017-03-22,1.0319997,0.0023652017,1.5114529728889465,1.0,0.0,0.511453,0.0
2017-03-23,1.0332503,0.0009033829,1.5056851506233215,1.0,0.0,0.50568515,0.0
2017-03-24,1.0326049,0.00092371553,1.508725345134735,1.0,0.0,0.50872535,0.0
2017-03-27,1.0296851,0.001900509,1.5075284838676453,1.0,0.0,0.5075285,0.0
2017-03-28,1.0268936,0.00054680556,1.5067667961120605,1.0,0.0,0.5067668,0.0
2017-03-29,1.0281011,0.00077643245,1.5052769780158997,1.0,0.0,0.505277,0.0
2017-03-30,1.0359658,0.0030621067,1.5032436847686768,1.0,0.0,0.5032437,0.0
2017-03-31,1.0348369,0.00282716,1.7426533102989197,1.0,0.0,0.7426533,0.0
2017-04-05,1.0345927,0.0025209785,1.4977663159370422,1.0,0.0,0.49776632,0.0
2017-04-06,1.0328431,0.0006477758,1.4979352355003357,1.0,0.0,0.49793524,0.0
2017-04-07,1.0355493,0.00077168643,1.4955170154571533,1.0,0.0,0.49551702,0.0
2017-04-10,1.0354471,0.0011297166,1.5007812976837158,1.0,0.0,0.5007813,0.0
2017-04-11,1.0379999,0.001914613,1.5125723481178284,1.0,0.0,0.51257235,0.0
2017-04-12,1.0353265,0.0025920868,1.509373664855957,1.0,0.0,0.50937366,0.0
2017-04-13,1.0305477,0.0011324361,1.5114272832870483,1.0,0.0,0.5114273,0.0
2017-04-14,1.0309281,0.0019558147,1.5107610821723938,1.0,0.0,0.5107611,0.0
2017-04-17,1.0282968,0.0008422658,1.5083603262901306,1.0,0.0,0.5083603,0.0
2017-04-18,1.0314039,0.0009553507,1.5022117495536804,1.0,0.0,0.50221175,0.0
2017-04-19,1.030045,0.00051196665,1.4977054595947266,1.0,0.0,0.49770546,0.0
2017-04-20,1.022151,0.00070314854,1.492023766040802,1.0,0.0,0.49202377,0.0
2017-04-21,1.0246819,0.00074661523,1.4876713752746582,1.0,0.0,0.48767138,0.0
2017-04-24,1.0252417,0.0022449717,1.4812961518764496,1.0,0.0,0.48129615,0.0
2017-04-25,1.0259441,0.00060741603,1.4809220433235168,1.0,0.0,0.48092204,0.0
2017-04-26,1.0247436,0.0016090795,1.482921302318573,1.0,0.0,0.4829213,0.0
2017-04-27,1.0230852,0.0007775575,1.48582124710083,1.0,0.0,0.48582125,0.0
2017-04-28,1.0212877,0.0021522492,1.4881085455417633,1.0,0.0,0.48810855,0.0
2017-05-02,1.0179095,0.013389364,1.4946812689304352,1.0,0.0,0.49468127,0.0
2017-05-03,1.0142848,0.0003247708,1.4972761273384094,1.0,0.0,0.49727613,0.0
2017-05-04,1.0097439,0.004728183,1.4996935725212097,1.0,0.0,0.49969357,0.0
2017-05-05,1.0096308,0.00045306236,1.4941062033176422,1.0,0.0,0.4941062,0.0
2017-05-08,1.0065819,0.0019672513,1.4948070049285889,1.0,0.0,0.494807,0.0
2017-05-09,1.0066117,0.0007836297,1.4914190769195557,1.0,0.0,0.49141908,0.0
2017-05-10,1.0099051,0.0013835728,1.4856517910957336,1.0,0.0,0.4856518,0.0
2017-05-11,1.0116553,0.0006824136,1.476714313030243,1.0,0.0,0.4767143,0.0
2017-05-12,1.0192733,0.0010643527,1.4769698083400726,1.0,0.0,0.4769698,0.0
2017-05-15,1.0183226,0.0024326146,1.4792505204677582,1.0,0.0,0.47925052,0.0
2017-05-16,1.0174013,0.0036351308,1.4835956990718842,1.0,0.0,0.4835957,0.0
2017-05-17,1.018569,0.0016644374,1.489210605621338,1.0,0.0,0.4892106,0.0
2017-05-18,1.0174294,0.004174255,1.4974502623081207,1.0,0.0,0.49745026,0.0
2017-05-19,1.018024,0.0012801364,1.4998002648353577,1.0,0.0,0.49980026,0.0
2017-05-22,1.016668,0.0010572001,1.5014731287956238,1.0,0.0,0.5014731,0.0
2017-05-23,1.0220263,0.0024611354,1.494303047657013,1.0,0.0,0.49430305,0.0
2017-05-24,1.0224855,0.0057872757,1.4929094314575195,1.0,0.0,0.49290943,0.0
2017-05-25,1.0206913,0.0024532527,1.4920596182346344,1.0,0.0,0.49205962,0.0
2017-05-26,1.0192235,0.00062023103,1.4882473051548004,1.0,0.0,0.4882473,0.0
2017-05-31,1.019718,0.002396226,1.4896269738674164,1.0,0.0,0.48962697,0.0
2017-06-01,1.0204695,0.0012422428,1.4893177151679993,1.0,0.0,0.48931772,0.0
2017-06-02,1.0236002,0.0009245351,1.4880143702030182,1.0,0.0,0.48801437,0.0
2017-06-05,1.0307434,0.0054354966,1.4892036020755768,1.0,0.0,0.4892036,0.0
2017-06-06,1.0333236,0.002787128,1.494776427745819,1.0,0.0,0.49477643,0.0
2017-06-07,1.0348194,0.0016480908,1.4970604479312897,1.0,0.0,0.49706045,0.0
2017-06-08,1.0349455,0.0028483719,1.502641201019287,1.0,0.0,0.5026412,0.0
2017-06-09,1.037776,0.0036361292,1.5030196905136108,1.0,0.0,0.5030197,0.0
2017-06-12,1.0362159,0.00096262246,1.5038921236991882,1.0,0.0,0.5038921,0.0
2017-06-13,1.0337577,0.0010979995,1.5072896480560303,1.0,0.0,0.50728965,0.0
2017-06-14,1.0318995,0.00070066005,1.5042654871940613,1.0,0.0,0.5042655,0.0
2017-06-15,1.0354806,0.0026978329,1.5065682530403137,1.0,0.0,0.50656825,0.0
2017-06-16,1.0360136,0.00089817494,1.5050618052482605,1.0,0.0,0.5050618,0.0
2017-06-19,1.0397445,0.0006432757,1.5050250887870789,1.0,0.0,0.5050251,0.0
2017-06-20,1.0388578,0.0011820197,1.5026049613952637,1.0,0.0,0.50260496,0.0
2017-06-21,1.0407193,0.0018216223,1.5036848783493042,1.0,0.0,0.5036849,0.0
2017-06-22,1.0055617,1.585993,1.963258147239685,0.4506379961967468,0.0,0.51262015,1.0
2017-06-23,1.0061117,0.0007894933,1.824825644493103,0.31152641773223877,0.0,0.5132992,1.0
2017-06-26,1.0039527,0.0014126822,1.6738972663879395,0.15695804357528687,0.0,0.5169392,1.0
2017-06-27,1.0058314,0.0010560676,1.6452726125717163,0.1260443925857544,0.0,0.5192282,1.0
2017-06-28,1.0043552,0.0009127557,1.770767629146576,0.24969899654388428,0.0,0.52106863,1.0
2017-06-29,1.0043583,0.0008376762,1.6474952697753906,0.1260443925857544,0.0,0.5214509,1.0
2017-06-30,0.9994727,0.003534712,1.6626980304718018,0.14150118827819824,0.0,0.52119684,1.0
2017-07-03,1.0038704,0.006648943,1.7206093072891235,0.20332849025726318,0.0,0.5172808,1.0
2017-07-04,1.0044494,0.0038058087,1.82833993434906,0.31152641773223877,0.0,0.5168135,1.0
2017-07-05,1.0036241,0.0008780807,1.6724503636360168,0.15695804357528687,0.0,0.5154923,1.0
2017-07-06,1.0013331,0.0034148619,1.641188383102417,0.1260443925857544,0.0,0.515144,1.0
2017-07-07,1.0019971,0.001865238,1.6581403017044067,0.14150118827819824,0.0,0.5166391,1.0
2017-07-10,1.0004166,0.006614201,1.6594018340110779,0.14150118827819824,0.0,0.51790065,1.0
2017-07-11,1.002455,0.005927153,1.580417811870575,0.06421691179275513,0.0,0.5162009,1.0
2017-07-12,1.0021472,0.0041212365,1.6263138055801392,0.11058741807937622,0.0,0.5157264,1.0
2017-07-13,0.99465305,0.0030535758,1.5157390832901,0.0,0.0,0.5157391,1.0
2017-07-14,0.9964904,0.0017381683,1.5127928853034973,0.0,0.0,0.5127929,1.0
2017-07-17,1.0044719,0.006525427,1.5045815706253052,0.0,0.0,0.5045816,1.0
2017-07-18,1.0066632,0.0039736405,1.5043104887008667,0.0,0.0,0.5043105,1.0
2017-07-19,1.007029,0.0012360066,1.5055896043777466,0.0,0.0,0.5055896,1.0
2017-07-20,1.0119356,0.00035782903,1.5061402916908264,0.0,0.0,0.5061403,1.0
2017-07-21,1.0100967,0.002319567,1.5093448758125305,0.0,0.0,0.5093449,1.0
2017-07-24,1.0056924,0.0006283447,1.5209258198738098,0.0,0.0,0.5209258,1.0
2017-07-25,1.007839,0.00049767643,1.5248674750328064,0.0,0.0,0.5248675,1.0
2017-07-26,1.0112482,0.0022214875,1.5246715545654297,0.0,0.0,0.52467155,1.0
2017-07-27,1.0140554,0.0023781732,1.5270258784294128,0.0,0.0,0.5270259,1.0
2017-07-28,1.0159699,0.0005287081,1.5252031087875366,0.0,0.0,0.5252031,1.0
2017-07-31,1.015656,0.0003867373,1.5245858430862427,0.0,0.0,0.52458584,1.0
2017-08-01,1.0122538,0.001748234,1.5224195718765259,0.0,0.0,0.5224196,1.0
2017-08-02,1.0103748,0.00024998188,1.523556411266327,0.0,0.0,0.5235564,1.0
2017-08-03,1.0139761,0.0005964488,1.5239183902740479,0.0,0.0,0.5239184,1.0
2017-08-04,1.0147437,0.0006998554,1.523693561553955,0.0,0.0,0.52369356,1.0
2017-08-07,1.0186349,0.0013493747,1.5210921168327332,0.0,0.0,0.5210921,1.0
2017-08-08,1.0189809,0.0003817454,1.5188063383102417,0.0,0.0,0.51880634,1.0
2017-08-09,1.0098698,0.0007772669,1.5190784335136414,0.0,0.0,0.51907843,1.0
2017-08-10,1.0179188,0.000795722,1.5153850317001343,0.0,0.0,0.51538503,1.0
2017-08-11,1.0189495,0.0019745082,1.5169529914855957,0.0023896098136901855,0.0,0.5145634,1.0
2017-08-14,1.0201584,0.001205489,1.516558051109314,0.0,0.0,0.51655805,1.0
2017-08-15,1.0225194,0.00051245093,1.5200784802436829,0.0,0.0,0.5200785,1.0
2017-08-16,1.0213225,0.00086992234,1.5185428857803345,0.0,0.0,0.5185429,1.0
2017-08-17,1.0241328,0.001154758,1.5214729309082031,0.0,0.0,0.52147293,1.0
2017-08-18,1.0228659,0.0004534498,1.523584008216858,0.0,0.0,0.523584,1.0
2017-08-21,1.02227,0.0007672608,1.5218213200569153,0.0,0.0,0.5218213,1.0
2017-08-22,1.0570804,0.00032038987,1.5212474465370178,0.0,0.0,0.52124745,1.0
2017-08-23,1.06322,0.00043500215,1.5195558071136475,0.0,0.0,0.5195558,1.0
2017-08-24,1.0677207,0.0014229491,1.5176637172698975,0.0,0.0,0.5176637,1.0
2017-08-25,1.0680889,0.0006618053,1.5186722874641418,0.0,0.0,0.5186723,1.0
2017-08-28,1.0677617,0.0008250922,1.5221376419067383,0.0,0.0,0.52213764,1.0
2017-08-29,1.0674405,0.0012270436,1.5234949588775635,0.0,0.0,0.52349496,1.0
2017-08-30,1.069605,0.00090742856,1.5248998403549194,0.0,0.0,0.52489984,1.0
2017-08-31,1.0718721,0.00048508495,1.5299647450447083,0.0,0.0,0.52996475,1.0
2017-09-01,1.0740887,0.0016400442,1.5324640274047852,0.0,0.0,0.532464,1.0
2017-09-04,1.0732987,0.00050710887,1.5311431884765625,0.0,0.0,0.5311432,1.0
2017-09-05,1.0703603,0.00054671615,1.5308003425598145,0.0,0.0,0.53080034,1.0
2017-09-06,1.070612,0.0007676706,1.5337282419204712,0.0,0.0,0.53372824,1.0
2017-09-07,1.0720171,0.00087076426,1.5303462743759155,0.0,0.0,0.5303463,1.0
2017-09-08,1.0717278,0.00048511475,1.5295353531837463,0.0,0.0,0.52953535,1.0
2017-09-11,1.0738391,0.0019779876,1.531813144683838,0.0,0.0,0.53181314,1.0
2017-09-12,1.0726085,0.0010814965,1.5330432653427124,0.0,0.0,0.53304327,1.0
2017-09-13,1.0740844,0.0011295825,1.5312959551811218,0.0,0.0,0.53129596,1.0
2017-09-14,1.0778781,0.00937289,1.25,0.0,0.0,0.25,1.0
2017-09-15,1.074596,0.009567186,1.5292590856552124,0.0,0.0,0.5292591,1.0
2017-09-18,1.0776936,0.0025268942,1.5266138315200806,0.0,0.0,0.52661383,1.0
2017-09-19,1.0752898,0.0010656342,1.5249117016792297,0.0,0.0,0.5249117,1.0
2017-09-20,1.077651,0.0005723983,1.5269755125045776,0.0,0.0,0.5269755,1.0
2017-09-21,1.0770439,0.0055026263,1.75,0.0,0.0,0.75,1.0
2017-09-22,1.078491,0.0059976205,1.519585132598877,0.0,0.0,0.51958513,1.0
2017-09-25,1.078503,0.00050049275,1.5118705034255981,0.0,0.0,0.5118705,1.0
2017-09-26,1.0780793,0.0029359683,1.508210301399231,0.0,0.0,0.5082103,1.0
2017-09-27,1.0806605,0.0015455112,1.5019727945327759,0.0,0.0,0.5019728,1.0
2017-09-28,1.0843784,0.00073301047,1.502043902873993,0.0,0.0,0.5020439,1.0
2017-09-29,1.0869622,0.00027824938,1.4908658862113953,0.0,0.0,0.4908659,1.0
2017-10-09,1.0917677,0.004436925,1.5087946653366089,0.0,0.0,0.50879467,1.0
2017-10-10,1.0934855,0.00075533986,1.516036868095398,0.0,0.0,0.51603687,1.0
2017-10-11,1.0944024,0.0010242388,1.518903374671936,0.0,0.0,0.5189034,1.0
2017-10-12,1.0912647,0.00088991225,1.5215357542037964,0.0,0.0,0.52153575,1.0
2017-10-13,1.0879469,0.00086575,1.5356172323226929,0.0,0.0,0.53561723,1.0
2017-10-16,1.0893866,0.0025478527,1.520785629749298,0.0,0.0,0.5207856,1.0
2017-10-17,1.0910891,0.0005641952,1.5139392614364624,0.0,0.0,0.51393926,1.0
2017-10-18,1.0907375,0.0006236583,1.5087826251983643,0.0,0.0,0.5087826,1.0
2017-10-19,1.0922308,0.00058668107,1.5054866671562195,0.0,0.0,0.50548667,1.0
2017-10-20,1.0943564,0.0005031973,1.5046994090080261,0.0,0.0,0.5046994,1.0
2017-10-23,1.0948595,0.001401104,1.5069971680641174,0.0,0.0,0.50699717,1.0
2017-10-24,1.1003699,0.0017877147,1.504627525806427,0.0,0.0,0.5046275,1.0
2017-10-25,1.1049443,0.0016905069,1.5097516775131226,0.0,0.0,0.5097517,1.0
2017-10-26,1.0984129,0.001205489,1.519921898841858,0.0,0.0,0.5199219,1.0
2017-10-27,1.0982125,0.0015185773,1.5218048095703125,0.0,0.0,0.5218048,1.0
2017-10-30,1.0965567,0.0029011965,1.5185396075248718,0.0,0.0,0.5185396,1.0
2017-10-31,1.09485,0.0008466616,1.5234963297843933,0.0,0.0,0.5234963,1.0
2017-11-01,1.0948956,0.00442338,1.5269219279289246,0.0,0.0,0.5269219,1.0
2017-11-02,1.101296,0.00066038966,1.5190227627754211,0.0,0.0,0.51902276,1.0
2017-11-03,1.108104,0.00043600053,1.5147353410720825,0.0,0.0,0.51473534,1.0
2017-11-06,1.1113793,0.0017323345,1.5206087827682495,0.0,0.0,0.5206088,1.0
2017-11-07,1.1088986,0.0015276298,1.5240308046340942,0.0,0.0,0.5240308,1.0
2017-11-08,1.1110547,0.00055076927,1.5235503911972046,0.0,0.0,0.5235504,1.0
2017-11-09,1.1117395,0.001586251,1.527585744857788,0.0,0.0,0.52758574,1.0
2017-11-10,1.1075295,0.00083813816,1.5335615277290344,0.0,0.0,0.5335615,1.0
2017-11-13,1.1043028,0.0020037442,1.535885214805603,0.0,0.0,0.5358852,1.0
2017-11-14,1.1093929,0.0007317886,1.534159779548645,0.0,0.0,0.5341598,1.0
2017-11-15,1.105751,0.0011152029,1.5304404497146606,0.0,0.0,0.53044045,1.0
2017-11-16,1.0018439,1.566895,1.5378363132476807,0.0,0.0,0.5378363,1.0
2017-11-17,1.0071818,0.03970591,1.5121874809265137,0.0,0.0,0.5121875,1.0
2017-11-20,1.0045673,0.027141944,1.4976461827754974,0.0,0.0,0.49764618,1.0
2017-11-21,0.9922518,0.025990345,1.5037497282028198,0.0,0.0,0.5037497,1.0
2017-11-22,0.98844814,0.0037574768,1.506386399269104,0.0,0.0,0.5063864,1.0
2017-11-23,0.98177516,0.04994896,1.4971561431884766,0.0,0.0,0.49715614,1.0
2017-11-24,0.9847158,0.025773682,1.5065204501152039,0.0,0.0,0.50652045,1.0
2017-11-27,0.97993064,0.019686818,1.4972449243068695,0.0,0.0,0.49724492,1.0
2017-11-28,0.974809,0.006921038,1.4870677590370178,0.0,0.0,0.48706776,1.0
2017-11-29,0.97571456,0.023209434,1.4861288964748383,0.0,0.0,0.4861289,1.0
2017-11-30,0.9800159,0.025290605,1.488777071237564,0.0,0.0,0.48877707,1.0
2017-12-01,0.9786515,0.006660156,1.4973939061164856,0.0,0.0,0.4973939,1.0
2017-12-04,0.9768196,0.015914239,1.5030035972595215,0.0,0.0,0.5030036,1.0
2017-12-05,0.968848,0.035298917,1.4754157066345215,0.0,0.0,0.4754157,1.0
2017-12-06,0.9771587,0.03759841,1.4725412428379059,0.0,0.0,0.47254124,1.0
2017-12-07,0.9933205,0.07745339,1.4756603240966797,0.0,0.0,0.47566032,1.0
2017-12-08,0.98769665,0.03737125,1.479775607585907,0.0,0.0,0.4797756,1.0
2017-12-11,0.99800044,0.019131713,1.4848760068416595,0.0,0.0,0.484876,1.0
2017-12-12,0.9982849,0.037391037,1.5116974711418152,0.0,0.0,0.5116975,1.0
2017-12-13,0.9955961,0.0072768405,1.5161315202713013,0.0,0.0,0.5161315,1.0
2017-12-14,0.9914797,0.01954623,1.519718587398529,0.0,0.0,0.5197186,1.0
2017-12-15,0.9963911,0.006240636,1.512962818145752,0.0,0.0,0.5129628,1.0
2017-12-18,1.001808,0.004733432,1.5111384987831116,0.0,0.0,0.5111385,1.0
2017-12-19,1.006031,0.011139195,1.5112298130989075,0.0,0.0,0.5112298,1.0
2017-12-20,1.0054332,0.016268112,1.5041607022285461,0.0,0.0,0.5041607,1.0
2017-12-21,1.0068109,0.013907824,1.5019624829292297,0.0,0.0,0.5019625,1.0
2017-12-22,1.0097811,0.0131092705,1.5064973831176758,0.0,0.0,0.5064974,1.0
2017-12-25,0.99605656,0.019681279,1.509969711303711,0.0,0.0,0.5099697,1.0
2017-12-26,1.0009353,0.039397232,1.512152075767517,0.0,0.0,0.5121521,1.0
2017-12-27,1.0014217,0.009226121,1.5166757106781006,0.0,0.0,0.5166757,1.0
2017-12-28,1.008235,0.043332975,1.520781695842743,0.0,0.0,0.5207817,1.0
2017-12-29,1.0128269,0.021470614,1.512956440448761,0.0,0.0,0.51295644,1.0
2018-01-02,1.018489,0.037227105,1.514200747013092,0.0,0.0,0.51420075,1.0
2018-01-03,1.0199178,0.02437102,1.5127500295639038,0.0,0.0,0.51275,1.0
2018-01-04,1.0244734,0.015619814,1.5138550996780396,0.0,0.0,0.5138551,1.0
2018-01-05,1.0330021,0.021039266,1.507082223892212,0.0,0.0,0.5070822,1.0
2018-01-08,1.0358837,0.0081199035,1.5270987749099731,0.0,0.0,0.5270988,1.0
2018-01-09,1.0338281,0.007845961,1.5270406603813171,0.0,0.0,0.52704066,1.0
2018-01-10,1.0389225,0.02909866,1.5322571992874146,0.0,0.0,0.5322572,1.0
2018-01-11,1.0358036,0.013702124,1.5336429476737976,0.0,0.0,0.53364295,1.0
2018-01-12,1.043305,0.053259984,1.5300482511520386,0.0,0.0,0.53004825,1.0
2018-01-15,1.0400532,0.043403853,1.5232832431793213,0.0,0.0,0.52328324,1.0
2018-01-16,1.0403811,0.009384036,1.526453673839569,0.0,0.0,0.5264537,1.0
2018-01-17,1.0318068,0.019174922,1.521487832069397,0.0,0.0,0.52148783,1.0
2018-01-18,1.0457773,0.019209336,1.5290544629096985,0.0,0.0,0.52905446,1.0
2018-01-19,1.047224,0.008265406,1.5348553657531738,0.0,0.0,0.53485537,1.0
2018-01-22,1.0450147,0.041123316,1.5405088663101196,0.0,0.0,0.54050887,1.0
2018-01-23,1.0405818,0.019338552,1.4476486444473267,0.0,0.0,0.5400757,0.9075729250907898
2018-01-24,1.0426935,0.019336786,1.191994071006775,0.0,0.0,0.5442401,0.6477539539337158
2018-01-25,1.0297549,0.0015314966,1.1518380045890808,0.0,0.0,0.53179425,0.6200437545776367
2018-01-26,1.0233005,0.04415746,0.8593716025352478,0.0,0.0,0.5259499,0.3334217071533203
2018-01-29,1.0270764,0.009527303,0.9228374361991882,0.0,0.0,0.5231574,0.3996800184249878
2018-01-30,1.019692,0.0075385533,1.2022677659988403,0.0,0.0,0.5143808,0.6878869533538818
2018-01-31,1.0202838,0.016190186,1.3645251989364624,0.0,0.0,0.4996279,0.8648973107337952
2018-02-01,1.0133598,0.03510146,1.477644830942154,0.0,0.0,0.47764483,1.0
2018-02-02,0.9942064,0.0022866204,1.4655590653419495,0.0,0.0,0.46555907,1.0
2018-02-05,0.9838384,0.04418037,1.4563753008842468,0.0,0.0,0.4563753,1.0
2018-02-06,0.98379636,0.08805296,1.4278491139411926,0.0,0.0,0.4278491,1.0
2018-02-07,0.9621414,0.061355103,1.4249975085258484,0.0,0.0,0.4249975,1.0
2018-02-08,0.98162395,0.04501013,1.43959242105484,0.0,0.0,0.43959242,1.0
2018-02-09,0.9876257,0.055805612,1.4230705201625824,0.0,0.0,0.42307052,1.0
2018-02-12,0.9935633,0.015054069,1.4132123589515686,0.0,0.0,0.41321236,1.0
2018-02-13,1.0106685,0.013688076,1.4249710142612457,0.0,0.0,0.424971,1.0
2018-02-14,1.0116627,0.013215572,1.4091724455356598,0.0,0.0,0.40917245,1.0
2018-02-22,1.017053,0.044349935,1.4255456924438477,0.0,0.0,0.4255457,1.0
2018-02-23,1.0101213,0.009057082,1.4581409096717834,0.0,0.0,0.4581409,1.0
2018-02-26,1.004373,0.019180238,1.5253964699804783,0.0,0.04440835490822792,0.48098812,1.0
2018-02-27,1.0074703,0.004690189,1.5899729579687119,0.0,0.09065060317516327,0.49932235,1.0
2018-02-28,1.0029395,0.01675497,1.6968640387058258,0.0,0.16782310605049133,0.52904093,1.0
2018-03-01,0.9988095,0.07569054,1.6839361190795898,0.0,0.16016709804534912,0.523769,1.0
2018-03-02,1.0037915,0.022010308,1.6799646019935608,0.0,0.15832966566085815,0.52163494,1.0
2018-03-05,0.9992588,0.0134678595,1.6192046850919724,0.0,0.10780005156993866,0.51140463,1.0
2018-03-06,1.0063863,0.017430648,1.537139205262065,0.0,0.021134106442332268,0.5160051,1.0
2018-03-07,1.0115778,0.004456237,1.5874963775277138,0.0,0.07595107704401016,0.5115453,1.0
2018-03-08,1.0119382,0.036703043,1.5526760928332806,0.0,0.045327078551054,0.507349,1.0
2018-03-09,1.0065951,0.039385572,1.544945776462555,0.0,0.03705859184265137,0.5078872,1.0
2018-03-12,1.0059692,0.0075494125,1.5183517336845398,0.0,0.0,0.51835173,1.0
2018-03-13,1.0101951,0.012986742,1.5124066472053528,0.0,0.0,0.51240665,1.0
2018-03-14,1.0038688,0.003187418,1.5175482630729675,0.0,0.0,0.51754826,1.0
2018-03-15,1.0064042,0.033762507,1.5184258222579956,0.0,0.0,0.5184258,1.0
2018-03-16,1.0048529,0.01787424,1.5146191120147705,0.0,0.0,0.5146191,1.0
2018-03-19,1.0014192,0.009524897,1.5075477361679077,0.0,0.0,0.50754774,1.0
2018-03-20,0.9969906,0.029449023,1.508139193058014,0.0,0.0,0.5081392,1.0
2018-03-21,0.9834908,0.0066074133,1.5086613893508911,0.0,0.0,0.5086614,1.0
2018-03-22,0.9827943,0.038555384,1.507161259651184,0.0,0.0,0.50716126,1.0
2018-03-23,0.9863525,0.08801693,1.4815762639045715,0.0,0.0,0.48157626,1.0
2018-03-26,0.97397095,0.016476009,1.4863955974578857,0.0,0.0,0.4863956,1.0
2018-03-27,0.9844744,0.009192765,1.4900445938110352,0.0,0.0,0.4900446,1.0
2018-03-28,0.98450506,0.043398626,1.4854337573051453,0.0,0.0,0.48543376,1.0
2018-03-29,0.9810673,0.040553827,1.4886587262153625,0.0,0.0,0.48865873,1.0
2018-03-30,0.9811467,0.02211956,1.5152302980422974,0.0,0.0,0.5152303,1.0
2018-04-02,0.9859904,0.02926591,1.5133304595947266,0.0,0.0,0.51333046,1.0
2018-04-03,0.9849743,0.016207632,1.5080040097236633,0.0,0.0,0.508004,1.0
2018-04-04,0.99207085,0.022815451,1.4970389306545258,0.0,0.0,0.49703893,1.0
2018-04-09,0.9937566,0.0012300909,1.4989628195762634,0.0,0.0,0.49896282,1.0
2018-04-10,0.989481,0.026804175,1.5016298294067383,0.0,0.0,0.5016298,1.0
2018-04-11,0.98540795,0.013120983,1.4970126748085022,0.0,0.0,0.49701267,1.0
2018-04-12,0.97952217,0.029498257,1.5078366873785853,0.0,0.009803223423659801,0.49803346,1.0
2018-04-13,0.97244114,0.0067000724,1.569242488592863,0.0,0.06247652694582939,0.50676596,1.0
2018-04-16,0.9730649,0.026609495,1.5045255462173373,0.0,0.0009222666267305613,0.5036033,1.0
2018-04-17,1.0064316,1.6732732,1.28673554956913,0.0,0.17213134467601776,0.49914995,0.6154542565345764
2018-04-18,1.0004779,0.016833983,1.7638535797595978,0.0,0.26566430926322937,0.49818927,1.0
2018-04-19,0.99911004,0.021966591,1.6940361112356186,0.0,0.19840650260448456,0.4956296,1.0
2018-04-20,1.008649,0.009026632,1.673560693860054,0.0,0.18287275731563568,0.49068794,1.0
2018-04-23,1.0075839,0.0069723204,1.6489619612693787,0.0,0.1587458848953247,0.49021608,1.0
2018-04-24,0.9991979,0.020687051,1.7314605563879013,0.0,0.23988492786884308,0.49157563,1.0
2018-04-25,0.99840975,0.007840037,1.8070460855960846,0.0,0.3139180839061737,0.493128,1.0
2018-04-26,0.997612,0.01142136,1.831176519393921,0.0,0.33705344796180725,0.49412307,1.0
2018-04-27,1.0019257,0.010538317,1.8311605751514435,0.0,0.3396974802017212,0.4914631,1.0
2018-05-02,1.0007975,0.029887013,2.1718600690364838,0.37004566192626953,0.31259608268737793,0.48921832,1.0
2018-05-03,1.0116192,0.0075041205,1.8808337450027466,0.08899593353271484,0.3020198941230774,0.48981792,1.0
2018-05-04,1.0154871,0.011745088,2.1392048001289368,0.32989567518234253,0.3239985406398773,0.4853106,1.0
2018-05-07,1.0134585,0.028051876,1.8701227605342865,0.0,0.3801843523979187,0.4899384,1.0
2018-05-08,1.0167203,0.011943243,1.9013704299926757,0.0,0.4,0.50137043,1.0
2018-05-09,1.0137241,0.008782551,1.905100905895233,0.0,0.4,0.5051009,1.0
2018-05-10,1.0163524,0.0045280904,1.8147648811340331,0.0,0.4,0.5093245,0.9054403901100159
2018-05-11,1.0189674,0.015590988,1.4875650644302367,0.0,0.4,0.5073861,0.58017897605896
2018-05-14,1.0168729,0.003251709,1.2363165259361266,0.0,0.4,0.505338,0.33097851276397705
2018-05-15,1.0142463,0.004536383,1.0081421375274657,0.0,0.4,0.50477767,0.10336446762084961
2018-05-16,1.0170238,0.011906631,0.902455472946167,0.0,0.4,0.5024555,0.0
2018-05-17,1.0198317,0.011696681,1.0117713510990143,0.0,0.3163968622684479,0.5018854,0.19348907470703125
2018-05-18,1.021095,0.0060107484,0.9834837168455124,0.0,0.33143484592437744,0.50446075,0.1475881189107895
2018-05-21,1.0141193,0.003986165,0.8051591888070107,0.0,0.22798669338226318,0.5076939,0.0694786086678505
2018-05-22,1.0110037,0.0084092915,0.7092145085334778,0.0,0.18369901180267334,0.51141614,0.014099359512329102
2018-05-23,1.0103264,0.01982215,0.7316053807735443,0.0,0.14304688572883606,0.5132559,0.0753026008605957
2018-05-24,1.0163885,0.011924319,0.8283684104681015,0.0,0.12833939492702484,0.513106,0.18692302703857422
2018-05-25,1.0122331,0.003064394,1.1777323260903358,0.0,0.08206865936517715,0.51083314,0.5848305225372314
2018-05-28,1.0088902,0.008451447,1.387962430715561,0.0,0.05397573113441467,0.50719225,0.826794445514679
2018-05-29,1.0221239,0.0060669035,1.742105022072792,0.20944589376449585,0.0321623794734478,0.50049675,1.0
2018-05-30,1.0173889,0.008833408,2.5003693560138345,1.0,0.008366004563868046,0.49200335,1.0
2018-05-31,1.0202359,0.011844046,1.9296659529209137,0.41019564867019653,0.03050985373556614,0.48896044,1.0
2018-06-01,1.0232743,0.011875935,2.2190360724925995,0.7313953638076782,0.0,0.4876407,1.0
2018-06-04,1.0224584,0.005488567,1.853692203760147,0.37004566192626953,0.0,0.48364654,1.0
2018-06-05,1.0198375,0.0053173006,1.5822525769472122,0.08899593353271484,0.007704989518970251,0.48555166,1.0
2018-06-06,1.0136048,0.005764976,1.7002461850643158,0.20944589376449585,0.0,0.4908003,1.0
2018-06-07,1.0128622,0.005515039,1.6609957814216614,0.16929590702056885,0.0,0.49169987,1.0
2018-06-08,1.0207424,0.0029757544,2.3849592208862305,0.8919952511787415,0.0,0.49296397,1.0
2018-06-11,1.0152068,0.008993827,1.623338520526886,0.12914592027664185,0.0,0.4941926,1.0
2018-06-12,1.0139378,0.015098631,1.4938185811042786,0.0,0.0,0.49381858,1.0
2018-06-13,1.0113156,0.0032443628,1.5398155190050602,0.04884595051407814,0.0,0.49096957,1.0
2018-06-14,0.99039894,0.0046810284,1.6197673082351685,0.12914592027664185,0.0,0.4906214,1.0
2018-06-15,0.9955607,0.006322652,1.6934752762317657,0.20944589376449585,0.0,0.48402938,1.0
2018-06-19,0.9920239,0.032232285,2.457668960094452,1.0,0.0,0.45766896,1.0
2018-06-20,0.9951881,0.005025506,2.449784606695175,1.0,0.0,0.4497846,1.0
2018-06-21,0.99238557,0.01097589,2.4436380863189697,1.0,0.0,0.4436381,1.0
2018-06-22,0.9893926,0.0031017512,2.437213122844696,1.0,0.0,0.43721312,1.0
2018-06-25,0.9777579,0.006421134,2.4456521570682526,1.0,0.0,0.44565216,1.0
2018-06-26,0.9735649,0.00446295,2.474236398935318,1.0,0.0,0.4742364,1.0
2018-06-27,0.9867821,0.010191493,2.4805837273597717,1.0,0.0,0.48058373,1.0
2018-06-28,0.9773469,0.010797821,2.4875314235687256,1.0,0.0,0.48753142,1.0
2018-06-29,0.9753983,0.0026417598,2.4926785826683044,1.0,0.0,0.49267858,1.0
2018-07-02,0.9704926,0.03020849,2.4925665855407715,1.0,0.0,0.4925666,1.0
2018-07-03,0.96545196,0.015944928,2.494206190109253,1.0,0.0,0.4942062,1.0
2018-07-04,0.969249,0.0014137626,2.535513687878847,1.0,0.04703511670231819,0.48847857,1.0
2018-07-05,0.9804035,0.0038347766,2.5336150527000427,1.0,0.049018144607543945,0.4845969,1.0
2018-07-06,0.9812797,0.0038997307,2.593821868300438,1.0,0.11230988800525665,0.48151198,1.0
2018-07-09,0.97387016,0.008533932,2.5834882482886314,1.0,0.10156848281621933,0.48191977,1.0
2018-07-10,0.98524034,0.002991803,2.577071264386177,1.0,0.09809817373752594,0.4789731,1.0
2018-07-11,0.98839587,0.011002004,2.5480221286416054,1.0,0.06785694509744644,0.48016518,1.0
2018-07-12,0.9887768,0.008970253,2.5742999091744423,1.0,0.0840517058968544,0.4902482,1.0
2018-07-13,0.98521835,0.011776373,2.514313977211714,1.0,0.02439550682902336,0.48991847,1.0
2018-07-16,0.98217577,0.0050538257,2.5667701810598373,1.0,0.07413654029369354,0.49263364,1.0
2018-07-17,0.9820633,0.007484898,2.5757503658533096,1.0,0.0812423974275589,0.49450797,1.0
2018-07-18,0.98728293,0.010699816,2.534660503268242,1.0,0.03480641543865204,0.4998541,1.0
2018-07-19,0.9880046,0.005544685,2.496335562085733,1.0,0.0024169047828763723,0.49391866,1.0
2018-07-20,0.9963214,0.011995681,2.587636321783066,1.0,0.09198382496833801,0.4956525,1.0
2018-07-23,0.995377,0.0064088777,2.6027932092547417,1.0,0.10966586321592331,0.49312735,1.0
2018-07-24,0.99137276,0.014456771,2.6792364418506622,1.0,0.18749985098838806,0.4917366,1.0
2018-07-25,0.99045795,0.011530742,2.7407259047031403,1.0,0.24632978439331055,0.49439612,1.0
2018-07-26,0.9854968,0.0023311973,2.743711456656456,1.0,0.24385099112987518,0.49986047,1.0
2018-07-27,0.9867217,0.009137437,2.842892199754715,1.0,0.34349825978279114,0.49939394,1.0
2018-07-30,0.9796566,0.009124488,2.8874684274196625,1.0,0.3862987458705902,0.5011697,1.0
2018-07-31,0.97091144,0.002527453,2.8804476857185364,1.0,0.37985384464263916,0.50059384,1.0
2018-08-01,0.96522206,0.11578606,2.6278708279132843,1.0,0.3778708279132843,0.25,1.0
2018-08-02,0.9570051,0.043056488,2.65,1.0,0.4,0.25,1.0
2018-08-03,0.96637446,0.015405409,2.65,1.0,0.4,0.25,1.0
2018-08-06,0.9591166,0.019841574,2.65,1.0,0.4,0.25,1.0
2018-08-07,0.9697739,0.014420293,2.65,1.0,0.4,0.25,1.0
2018-08-08,0.97111344,0.17996688,2.883661353588104,1.0,0.4,0.48366135,1.0
2018-08-09,0.9688041,0.008189939,2.8861180782318114,1.0,0.4,0.48611808,1.0
2018-08-10,0.96716356,0.08358445,3.15,1.0,0.4,0.75,1.0
2018-08-13,0.95959663,0.0060681626,3.15,1.0,0.4,0.75,1.0
2018-08-14,0.954663,0.0044462904,3.15,1.0,0.4,0.75,1.0
2018-08-15,0.9488373,0.010603815,3.15,1.0,0.4,0.75,1.0
2018-08-16,0.9497919,0.0057321712,3.15,1.0,0.4,0.75,1.0
2018-08-17,0.9582116,0.11465691,2.897650146484375,1.0,0.4,0.49765015,1.0
2018-08-20,0.9556342,0.014236093,1.8925898671150208,1.0,0.39918842911720276,0.49340144,0.0
2018-08-21,0.9590544,0.020067886,1.7287762016057968,1.0,0.24021543562412262,0.48856077,0.0
2018-08-22,0.9569067,0.007365823,1.7562566101551056,1.0,0.2699609100818634,0.4862957,0.0
2018-08-23,0.9686593,0.005353436,1.819640338420868,1.0,0.3327568471431732,0.4868835,0.0
2018-08-24,0.96790916,0.0058839694,2.8883050322532653,1.0,0.4,0.48830503,1.0
2018-08-27,0.9664355,0.022403412,2.857327103614807,1.0,0.36613792181015015,0.49118918,1.0
2018-08-28,0.96252775,0.008586973,2.7818117141723633,1.0,0.28747767210006714,0.49433404,1.0
2018-08-29,0.95916826,0.0035722181,2.7860269844532013,1.0,0.28863441944122314,0.49739257,1.0
2018-08-30,0.95824546,0.0044975057,2.7869142591953278,1.0,0.2911132276058197,0.49580103,1.0
2018-08-31,0.96107876,0.002614811,2.7853181660175323,1.0,0.2912784516811371,0.4940397,1.0
2018-09-03,0.9546679,0.007739149,2.7771596908569336,1.0,0.2841726243495941,0.49298707,1.0
2018-09-04,0.95120966,0.0037866607,2.767199695110321,1.0,0.2729354202747345,0.49426427,1.0
2018-09-05,0.9520773,0.012007676,2.7727631628513336,1.0,0.28004130721092224,0.49272186,1.0
2018-09-06,0.9458236,0.005109787,2.7795625925064087,1.0,0.2854946255683899,0.49406797,1.0
2018-09-07,0.9982756,1.6189216,1.8929636120796203,1.0,0.4,0.4929636,0.0
2018-09-10,0.9936457,0.0090093985,1.8897325038909911,1.0,0.4,0.4897325,0.0
2018-09-11,0.9974111,0.0063095614,1.8877631664276122,1.0,0.4,0.48776317,0.0
2018-09-12,0.9984876,0.009543814,1.8889441430568694,1.0,0.4,0.48894414,0.0
2018-09-13,0.9944866,0.006107576,1.8884942173957824,1.0,0.4,0.48849422,0.0
2018-09-14,1.0042155,0.009330273,1.8874676764011382,1.0,0.4,0.48746768,0.0
2018-09-17,1.0113747,0.0068364665,1.8886256158351897,1.0,0.4,0.48862562,0.0
2018-09-18,1.0104203,0.021739319,1.8905739724636077,1.0,0.4,0.49057397,0.0
2018-09-19,1.023627,0.013573699,1.8310114741325378,1.0,0.34417083859443665,0.48684064,0.0
2018-09-20,1.0204259,0.007693954,1.8308059871196747,1.0,0.3467767834663391,0.4840292,0.0
2018-09-21,1.0275146,0.024105988,1.801252156496048,1.0,0.31724298000335693,0.48400918,0.0
2018-09-25,1.0256795,0.0056360587,1.8247987926006317,1.0,0.33707696199417114,0.48772183,0.0
2018-09-26,1.0305376,0.018507756,1.8095900416374207,1.0,0.32404735684394836,0.48554268,0.0
2018-09-27,1.0122479,0.0076827407,1.7902834117412567,1.0,0.30479252338409424,0.4854909,0.0
2018-09-28,1.009663,0.007884696,1.7916576564311981,1.0,0.3139132559299469,0.4777444,0.0
2018-10-08,1.0074322,0.03630983,1.8710373938083649,1.0,0.38181182742118835,0.48922557,0.0
2018-10-09,0.9819722,0.009802029,1.8883313179016112,1.0,0.4,0.48833132,0.0
2018-10-10,0.99044174,0.0095835775,1.8898335933685302,1.0,0.4,0.4898336,0.0
2018-10-11,0.9844331,0.05230809,1.8740777909755706,1.0,0.4,0.4740778,0.0
2018-10-12,0.97837555,0.008778498,1.8679775834083556,1.0,0.4,0.46797758,0.0
2018-10-15,0.97954583,0.02422738,1.8552878737449645,1.0,0.4,0.45528787,0.0
2018-10-16,0.9697586,0.013238095,1.8435592591762542,1.0,0.4,0.44355926,0.0
2018-10-17,0.9819091,0.008241408,1.8378971457481383,1.0,0.4,0.43789715,0.0
2018-10-18,1.0086299,0.016158149,1.8495705068111419,1.0,0.4,0.4495705,0.0
2018-10-19,0.9938277,0.03057243,1.859421008825302,1.0,0.4,0.459421,0.0
2018-10-22,0.9906013,0.064474024,1.8679571986198424,1.0,0.4,0.4679572,0.0
2018-10-23,0.98895663,0.02294691,1.880862557888031,1.0,0.4,0.48086256,0.0
2018-10-24,0.9807376,0.011260107,1.8875213503837585,1.0,0.4,0.48752135,0.0
2018-10-25,0.9607246,0.0050238445,1.8936767518520354,1.0,0.4,0.49367675,0.0
2018-10-26,0.96393526,0.00984142,1.8980625510215758,1.0,0.4,0.49806255,0.0
2018-10-29,0.97078943,0.01715178,1.8971920549869536,1.0,0.4,0.49719205,0.0
2018-10-30,0.9763169,0.008267,1.893366241455078,1.0,0.4,0.49336624,0.0
2018-10-31,0.99661326,0.004312612,1.891969883441925,1.0,0.4,0.49196988,0.0
2018-11-01,0.99113023,0.027042061,1.8929614961147307,1.0,0.4,0.4929615,0.0
2018-11-02,0.98944783,0.043776155,1.8920287132263183,1.0,0.4,0.4920287,0.0
2018-11-05,0.987192,0.005453177,1.8934856295585631,1.0,0.4,0.49348563,0.0
2018-11-06,0.9857745,0.008079253,1.897610569000244,1.0,0.4,0.49761057,0.0
2018-11-07,0.9829085,0.010385305,1.8987788200378417,1.0,0.4,0.49877882,0.0
2018-11-08,0.98875093,0.007952668,1.8980877935886382,1.0,0.4,0.4980878,0.0
2018-11-09,0.99635696,0.008664586,1.9008310079574584,1.0,0.4,0.500831,0.0
2018-11-12,0.99197876,0.0036068484,1.9024853944778441,1.0,0.4,0.5024854,0.0
2018-11-13,0.99925476,0.008784376,1.902907395362854,1.0,0.4,0.5029074,0.0
2018-11-14,1.0012747,0.015211821,1.9053651928901671,1.0,0.4,0.5053652,0.0
2018-11-15,1.0051432,0.0075995773,1.9094599723815917,1.0,0.4,0.50946,0.0
2018-11-16,0.99465746,0.006055653,1.9084060430526733,1.0,0.4,0.50840604,0.0
2018-11-19,0.99656576,0.0060592145,1.9086296200752257,1.0,0.4,0.5086296,0.0
2018-11-20,0.9959136,0.012775719,1.9097270011901855,1.0,0.4,0.509727,0.0
2018-11-21,0.98277026,0.0059962943,1.9074761509895324,1.0,0.4,0.50747615,0.0
2018-11-22,0.9816507,0.0038821772,1.9048818588256835,1.0,0.4,0.50488186,0.0
2018-11-23,0.98177135,0.00345096,1.8985655844211577,1.0,0.4,0.49856558,0.0
2018-11-26,0.988165,0.005213432,1.8931605458259582,1.0,0.4,0.49316055,0.0
2018-11-27,0.98389506,0.0046858415,1.8901395738124847,1.0,0.4,0.49013957,0.0
2018-11-28,0.98895776,0.011984907,1.889023208618164,1.0,0.4,0.4890232,0.0
2018-11-29,1.0034586,0.008871049,1.8848418831825255,1.0,0.4,0.48484188,0.0
2018-11-30,1.0051154,0.006920524,1.8891748428344726,1.0,0.4,0.48917484,0.0
2018-12-03,1.0046867,0.017550826,1.8921415746212005,1.0,0.4,0.49214157,0.0
2018-12-04,0.9958938,0.008549511,1.892271989583969,1.0,0.4,0.492272,0.0
2018-12-05,0.99451816,0.0035664812,1.893065744638443,1.0,0.4,0.49306574,0.0
2018-12-06,0.9907068,0.012471199,1.8982785582542419,1.0,0.4,0.49827856,0.0
2018-12-07,0.9941936,0.012579583,1.8996968209743499,1.0,0.4,0.49969682,0.0
2018-12-10,0.9953506,0.017376013,1.8988040030002593,1.0,0.4,0.498804,0.0
2018-12-11,1.0026106,0.0033332855,1.8978101849555968,1.0,0.4,0.49781018,0.0
2018-12-12,0.99330574,0.0042977408,1.8967585504055022,1.0,0.4,0.49675855,0.0
2018-12-13,0.99053735,0.018209197,1.895742231607437,1.0,0.4,0.49574223,0.0
2018-12-14,0.98651177,0.0058584064,1.891844356060028,1.0,0.4,0.49184436,0.0
2018-12-17,0.9811325,0.0043083057,1.892124080657959,1.0,0.4,0.49212408,0.0
2018-12-18,0.98203593,0.0062962025,1.8929042756557464,1.0,0.4,0.49290428,0.0
2018-12-19,0.97801995,0.027341343,1.8879255056381226,1.0,0.3970130681991577,0.49091244,0.0
2018-12-20,0.9804105,0.0018136427,1.8865885436534882,1.0,0.39440715312957764,0.4921814,0.0
2018-12-21,0.97765416,0.008548759,1.8952929615974425,1.0,0.4,0.49529296,0.0
2018-12-24,0.9754322,0.0055431724,1.8944334030151366,1.0,0.4,0.4944334,0.0
2018-12-25,0.9732203,0.010643117,1.871066391468048,1.0,0.3783372938632965,0.4927291,0.0
2018-12-26,0.9770723,0.006057374,1.8947825372219085,1.0,0.4,0.49478254,0.0
2018-12-27,0.9719408,0.005218774,1.891914689540863,1.0,0.4,0.4919147,0.0
2018-12-28,0.9705529,0.002956733,1.8856595993041991,1.0,0.4,0.4856596,0.0
2019-01-02,0.9798507,0.13438584,1.8950358271598815,1.0,0.4,0.49503583,0.0
2019-01-03,0.98403883,0.0100912005,1.9065525770187377,1.0,0.4,0.5065526,0.0
2019-01-04,0.98261094,0.021366663,1.895880663394928,1.0,0.4,0.49588066,0.0
2019-01-07,0.9857258,0.091147795,1.9336359739303588,1.0,0.4,0.533636,0.0
2019-01-08,0.98562855,0.033286475,1.9365910530090331,1.0,0.4,0.53659105,0.0
2019-01-09,0.99048525,0.12466353,2.0679221391677856,1.0,0.4,0.66792214,0.0
2019-01-10,0.9863087,0.07915389,1.9399597883224486,1.0,0.4,0.5399598,0.0
2019-01-11,0.99795073,0.027851783,2.0010245084762572,1.0,0.4,0.6010245,0.0
2019-01-14,0.9941925,0.09740986,1.8514888823032378,1.0,0.4,0.45148888,0.0
2019-01-15,0.99205345,0.08696843,2.023128890991211,1.0,0.4,0.6231289,0.0
2019-01-16,1.0008469,0.027480364,1.9545127391815185,1.0,0.4,0.55451274,0.0
2019-01-17,1.0046358,0.008502126,1.954953932762146,1.0,0.4,0.55495393,0.0
2019-01-18,0.9977332,0.03098961,2.0985793113708495,1.0,0.4,0.6985793,0.0
2019-01-21,0.99664646,0.035687916,1.9675896406173705,1.0,0.4,0.56758964,0.0
2019-01-22,1.000007,0.05059719,1.8545461535453795,1.0,0.4,0.45454615,0.0
2019-01-23,1.0005931,0.052891694,1.9376266241073608,1.0,0.4,0.5376266,0.0
2019-01-24,1.0015688,0.0016903281,1.954496169090271,1.0,0.4,0.55449617,0.0
2019-01-25,1.0020435,0.00534337,1.9776550769805907,1.0,0.4,0.5776551,0.0
2019-01-28,0.9979061,0.016054101,2.0110142469406127,1.0,0.4,0.61101425,0.0
2019-01-29,1.0004456,0.025858745,1.9410777330398559,1.0,0.4,0.54107773,0.0
2019-01-30,1.0107188,0.023517035,1.9017118453979491,1.0,0.4,0.50171185,0.0
2019-01-31,1.0230023,0.050337404,2.0864657402038573,1.0,0.4,0.68646574,0.0
2019-02-01,1.0259478,0.038356207,1.999463403224945,1.0,0.4,0.5994634,0.0
2019-02-11,1.0338857,0.004608363,1.9865336060523986,1.0,0.4,0.5865336,0.0
2019-02-12,1.0372999,0.00064627826,2.014867329597473,1.0,0.4,0.6148673,0.0
2019-02-13,0.9929466,1.6021249,2.1115291357040404,1.0,0.4,0.71152914,0.0
2019-02-14,1.011368,0.0022587888,2.052094006538391,1.0,0.4,0.652094,0.0
2019-02-15,1.008123,0.017627303,1.9882800817489623,1.0,0.4,0.5882801,0.0
2019-02-18,1.0105863,0.014437791,2.0533958315849303,1.0,0.4,0.65339583,0.0
2019-02-19,1.0083805,0.016474433,1.9775339603424071,1.0,0.4,0.57753396,0.0
2019-02-20,1.017177,0.017972704,2.0543458104133605,1.0,0.4,0.6543458,0.0
2019-02-21,1.0500458,0.0147025585,1.993467116355896,1.0,0.4,0.5934671,0.0
2019-02-22,1.0376364,0.018349241,2.0878110766410827,1.0,0.4,0.6878111,0.0
2019-02-25,1.039988,0.024768852,1.9387650728225707,1.0,0.4,0.5387651,0.0
2019-02-26,1.038083,0.0094701275,2.0112952828407287,1.0,0.4,0.6112953,0.0
2019-02-27,1.0506898,0.01707432,2.090460979938507,1.0,0.4,0.690461,0.0
2019-02-28,1.0551502,0.009717524,2.03554847240448,1.0,0.4,0.6355485,0.0
2019-03-01,1.0609566,0.003863424,2.03153600692749,1.0,0.4,0.631536,0.0
2019-03-04,1.063778,0.0042357743,2.032776379585266,1.0,0.4,0.6327764,0.0
2019-03-05,1.0569348,0.0015104823,2.0529425382614135,1.0,0.4,0.65294254,0.0
2019-03-06,1.0427356,0.024138175,1.932559335231781,1.0,0.4,0.53255934,0.0
2019-03-07,1.0574069,0.01857967,1.8739664494991302,1.0,0.4,0.47396645,0.0
2019-03-08,1.061594,0.012517035,1.9489417314529418,1.0,0.4,0.54894173,0.0
2019-03-11,1.0540041,0.009427745,1.931701922416687,1.0,0.4,0.5317019,0.0
2019-03-12,1.051046,0.0224505,1.9996111631393432,1.0,0.4,0.59961116,0.0
2019-03-13,1.0591183,0.025676828,1.9021394491195678,1.0,0.4,0.50213945,0.0
2019-03-14,1.0878899,0.030601803,1.995480442047119,1.0,0.4,0.59548044,0.0
2019-03-15,1.0848225,0.00016139075,1.9850486755371093,1.0,0.4,0.5850487,0.0
2019-03-18,1.0858206,0.0026934631,2.0035882234573363,1.0,0.4,0.6035882,0.0
2019-03-19,1.0858482,0.032157704,1.8741250872611999,1.0,0.4,0.4741251,0.0
2019-03-20,1.0870692,0.010509577,1.9118173360824584,1.0,0.4,0.51181734,0.0
2019-03-21,1.0727069,0.011582851,2.8982380867004394,1.0,0.4,0.4982381,1.0
2019-03-22,1.0667965,0.017956164,2.8963685870170592,1.0,0.4,0.4963686,1.0
2019-03-25,1.0764693,0.045931753,2.6809251248836516,1.0,0.4,0.28092512,1.0
2019-03-26,1.0763565,0.12784654,1.946830117702484,1.0,0.4,0.5468301,0.0
2019-03-27,1.0976539,0.07050972,1.9075064301490783,1.0,0.4,0.50750643,0.0
2019-03-28,1.1165308,0.04455169,1.8701952934265136,1.0,0.4,0.4701953,0.0
2019-03-29,1.113155,0.11114002,2.1630423307418822,1.0,0.4,0.76304233,0.0
2019-04-01,1.1190795,0.05135165,1.9925058126449584,1.0,0.4,0.5925058,0.0
2019-04-02,1.1308259,0.13791999,2.9217522978782653,1.0,0.4,0.5217523,1.0
2019-04-03,1.1329203,0.12803522,3.002988064289093,1.0,0.4,0.60298806,1.0
2019-04-04,1.1305137,0.06323144,2.894875818490982,1.0,0.4,0.49487582,1.0
2019-04-08,1.130138,0.032187786,2.83447008728981,1.0,0.4,0.4344701,1.0
2019-04-09,1.1163552,0.066764966,2.929509902000427,1.0,0.4,0.5295099,1.0
2019-04-10,1.114041,0.12093493,2.8386037051677704,1.0,0.38646042346954346,0.45214328,1.0
2019-04-11,1.1085203,0.022213154,2.781131535768509,1.0,0.3588109314441681,0.4223206,1.0
2019-04-12,1.1220762,0.07018718,2.9091655254364013,1.0,0.4,0.5091655,1.0
2019-04-15,1.1244266,0.015978612,2.850930058956146,1.0,0.4,0.45093006,1.0
2019-04-16,1.1220685,0.03756483,2.997312808036804,1.0,0.4,0.5973128,1.0
2019-04-17,1.1273717,0.037644826,2.865007871389389,1.0,0.4,0.46500787,1.0
2019-04-18,1.1189537,0.0030061007,2.868744099140167,1.0,0.4,0.4687441,1.0
2019-04-19,1.1169202,0.0008388981,2.8741088449954986,1.0,0.4,0.47410884,1.0
2019-04-22,1.11871,0.0008516684,2.876262480020523,1.0,0.4,0.47626248,1.0
2019-04-23,1.106973,0.015088674,2.7500987589359283,1.0,0.4,0.35009876,1.0
2019-04-24,1.1025891,0.0072154254,2.8224796295166015,1.0,0.4,0.42247963,1.0
2019-04-25,1.1023904,0.0063810386,2.8588599801063537,1.0,0.4,0.45885998,1.0
2019-04-26,1.1057515,0.0070418306,2.8695398211479186,1.0,0.4,0.46953982,1.0
2019-04-29,1.0739104,0.021823525,2.994291090965271,1.0,0.4,0.5942911,1.0
2019-04-30,1.0818099,0.022966847,2.8543562829494475,1.0,0.4,0.45435628,1.0
2019-05-06,1.0755926,0.022820052,2.7114689886569976,1.0,0.4,0.311469,1.0
2019-05-07,1.0653024,0.01368124,2.824645572900772,1.0,0.4,0.42464557,1.0
2019-05-08,1.0869248,0.005446635,1.731846237182617,1.0,0.4,0.33184624,0.0
2019-05-09,1.0835975,0.0003280081,1.7213106989860534,1.0,0.4,0.3213107,0.0
2019-05-10,1.0814148,0.004105609,1.7364738225936889,1.0,0.4,0.33647382,0.0
2019-05-13,1.1012373,0.0026671886,1.74468474984169,1.0,0.4,0.34468475,0.0
2019-05-14,1.110194,0.0021816716,1.6407180815935134,1.0,0.4,0.24071808,0.0
2019-05-15,1.0964024,0.016591202,1.8765748739242554,1.0,0.3610858917236328,0.515489,0.0
2019-05-16,1.0862622,0.0222756,1.7481695413589478,1.0,0.3379862904548645,0.41018325,0.0
2019-05-17,1.0906428,0.0008232035,1.6800415813922882,1.0,0.3329114019870758,0.34713018,0.0
2019-05-20,1.0842301,0.0057841763,1.772632122039795,1.0,0.3420112729072571,0.43062085,0.0
2019-05-21,1.0721473,0.0030264072,1.774937093257904,1.0,0.37298569083213806,0.4019514,0.0
2019-05-22,1.0731765,0.00109265,1.7789050579071044,1.0,0.4,0.37890506,0.0
2019-05-23,1.0816672,0.0040694512,1.784870558977127,1.0,0.4,0.38487056,0.0
2019-05-24,1.085021,0.010501105,1.8491794109344482,1.0,0.4,0.4491794,0.0
2019-05-27,1.0866717,0.0011107065,1.8481749534606933,1.0,0.4,0.44817495,0.0
2019-05-28,1.0859808,0.028043885,2.0309586763381957,1.0,0.4,0.6309587,0.0
2019-05-29,1.0842408,0.024877198,1.8130345284938811,1.0,0.4,0.41303453,0.0
2019-05-30,1.085961,0.012047619,1.8772240221500396,1.0,0.4,0.47722402,0.0
2019-05-31,1.0801641,0.0020215176,1.8841013848781585,1.0,0.4,0.48410138,0.0
2019-06-03,1.0796785,0.038727906,2.000199520587921,1.0,0.4,0.6001995,0.0
2019-06-04,1.0716629,0.039226826,1.9142545104026794,1.0,0.4,0.5142545,0.0
2019-06-05,1.0797831,0.031671066,1.9613954067230224,1.0,0.4,0.5613954,0.0
2019-06-06,1.1030284,0.032325856,1.9056558847427367,1.0,0.4,0.5056559,0.0
2019-06-10,1.0987209,0.024012242,2.080537223815918,1.0,0.4,0.6805372,0.0
2019-06-11,1.0985845,0.022456456,2.061410093307495,1.0,0.4,0.6614101,0.0
2019-06-12,1.0954161,0.1474486,1.8248115479946136,1.0,0.2984370291233063,0.5263745,0.0
2019-06-13,1.090571,0.021596216,1.7985731959342957,1.0,0.27061253786087036,0.52796066,0.0
2019-06-14,1.0933006,0.048421986,1.7283276617527008,1.0,0.269212543964386,0.45911512,0.0
2019-06-17,1.0990756,0.045382347,1.8018562495708466,1.0,0.28881219029426575,0.51304406,0.0
2019-06-18,1.1177168,0.023469426,1.8530181050300598,1.0,0.3171616792678833,0.5358564,0.0
2019-06-19,1.1207063,0.0071918406,1.9540839195251465,1.0,0.33711135387420654,0.61697257,0.0
2019-06-20,1.1225225,0.014917165,2.0054504573345184,1.0,0.3712356984615326,0.63421476,0.0
2019-06-21,1.1199113,0.00261838,2.0547800064086914,1.0,0.37193572521209717,0.6828443,0.0
2019-06-24,1.1164763,0.026800241,1.8283212780952454,1.0,0.37193572521209717,0.45638555,0.0
2019-06-25,1.1237967,0.0123095885,2.7784861624240875,1.0,0.35356101393699646,0.42492515,1.0
2019-06-26,1.1234217,0.01096756,2.856755018234253,1.0,0.3798105716705322,0.47694445,1.0
2019-06-27,1.1410503,0.027474478,2.999992400407791,1.0,0.39923521876335144,0.6007572,1.0
2019-06-28,1.1428635,1.1123717e-05,2.9589121639728546,1.0,0.36266085505485535,0.5962513,1.0
2019-07-01,1.1400181,0.00047062337,2.943698465824127,1.0,0.3456861972808838,0.59801227,1.0
2019-07-02,1.1317978,0.017278705,2.823373168706894,1.0,0.2931871712207794,0.530186,1.0
2019-07-03,1.1394776,0.015251435,2.808301627635956,1.0,0.3145367503166199,0.49376488,1.0
2019-07-04,1.1262094,0.012300748,2.820458233356476,1.0,0.2907371520996094,0.5297211,1.0
2019-07-05,1.1251866,0.00851709,2.835201621055603,1.0,0.31593674421310425,0.5192649,1.0
2019-07-08,1.1243795,0.015295342,2.723189115524292,1.0,0.31261175870895386,0.41057736,1.0
2019-07-09,1.1259105,0.0032947734,2.710376560688019,1.0,0.2781374156475067,0.43223915,1.0
2019-07-10,1.0030118,1.6783342,1.7625215947628021,1.0,0.3077773451805115,0.45474425,0.0
2019-07-11,1.0061299,0.021341134,1.8717532753944397,1.0,0.3173081874847412,0.5544451,0.0
2019-07-12,1.0027853,0.012112863,1.776984304189682,1.0,0.2470807135105133,0.5299036,0.0
2019-07-15,1.0020362,0.028659668,1.756184309720993,1.0,0.29540392756462097,0.46078038,0.0
2019-07-16,0.9962356,0.026881862,1.8085070252418518,1.0,0.2862074375152588,0.5222996,0.0
2019-07-17,1.0012301,0.0065715127,1.8325705528259277,1.0,0.2902204394340515,0.5423501,0.0
2019-07-18,0.9964995,0.0028066076,1.8094299137592316,1.0,0.2646375596523285,0.54479235,0.0
2019-07-19,0.99533045,0.034066495,1.9259451031684875,1.0,0.2724963426589966,0.65344876,0.0
2019-07-22,0.9982227,0.026777964,1.7448482513427734,1.0,0.2412284016609192,0.50361985,0.0
2019-07-23,1.0023109,0.05771065,1.7404069900512695,1.0,0.2572804391384125,0.48312655,0.0
2019-07-24,1.0019239,0.03990883,1.8389058113098145,1.0,0.29423344135284424,0.54467237,0.0
2019-07-25,1.0042218,0.047151648,2.8261840641498566,1.0,0.28135839104652405,0.5448257,1.0
2019-07-26,1.0051702,0.027793944,2.7549767792224884,1.0,0.29323017597198486,0.4617466,1.0
2019-07-29,1.0014386,0.0148648545,2.8231246769428253,1.0,0.3204851448535919,0.50263953,1.0
2019-07-30,0.99681103,0.022740979,2.8707083761692047,1.0,0.3072756826877594,0.5634327,1.0
2019-07-31,0.9940645,0.030930124,2.7851702272892,1.0,0.29707595705986023,0.48809427,1.0
2019-08-01,0.9909871,0.016482063,2.756770044565201,1.0,0.2853713929653168,0.47139865,1.0
2019-08-02,0.98577404,0.0926589,2.533454656600952,1.0,0.20511141419410706,0.32834324,1.0
2019-08-05,0.9845584,0.044126917,1.5910146683454514,1.0,0.18086622655391693,0.41014844,0.0
2019-08-06,0.9901395,0.020622488,1.6501535326242447,1.0,0.23219914734363556,0.4179544,0.0
2019-08-07,0.9865556,0.03935343,1.6348215490579605,1.0,0.2214978188276291,0.41332373,0.0
2019-08-08,0.993287,0.1627142,1.7565108388662338,1.0,0.20477698743343353,0.55173385,0.0
2019-08-09,0.9938985,0.047985908,1.692810907959938,1.0,0.17033208906650543,0.5224788,0.0
2019-08-12,0.9945239,0.059030965,1.709395632147789,1.0,0.164981409907341,0.5444142,0.0
2019-08-13,0.99608696,0.13435958,1.5389498695731163,1.0,0.1062912866473198,0.43265858,0.0
2019-08-14,0.9997332,0.06698946,1.6857142746448517,1.0,0.15846028923988342,0.527254,0.0
2019-08-15,1.0083094,0.06278439,1.639160305261612,1.0,0.13772645592689514,0.50143385,0.0
2019-08-16,1.006372,0.18222374,1.6564936339855194,1.0,0.16080120205879211,0.49569243,0.0
2019-08-19,1.0047114,0.3173601,1.8625599592924118,1.0,0.15561775863170624,0.7069422,0.0
2019-08-20,1.0084609,0.18261588,1.6647780239582062,1.0,0.18186944723129272,0.48290858,0.0
2019-08-21,1.0098435,0.09623636,1.7897599339485168,1.0,0.22316992282867432,0.56659,0.0
2019-08-22,1.0083132,0.034135684,1.7761723846197128,1.0,0.21748481690883636,0.55868757,0.0
2019-08-23,1.0173509,0.055763006,1.8005771934986115,1.0,0.251260906457901,0.5493163,0.0
2019-08-26,1.0192646,0.13147207,1.6695780456066132,1.0,0.23253357410430908,0.43704447,0.0
2019-08-27,1.0213803,0.23190837,1.9552880376577377,1.0,0.1944100707769394,0.76087797,0.0
2019-08-28,1.0219445,0.1592734,1.712118700146675,1.0,0.22133062779903412,0.49078807,0.0
2019-08-29,1.0273539,0.021303196,1.6737776547670364,1.0,0.15428008139133453,0.5194976,0.0
2019-08-30,1.0279304,0.05811135,1.9055325835943222,1.0,0.22768454253673553,0.67784804,0.0
2019-09-02,1.029791,0.052115157,2.885629579424858,1.0,0.24173001945018768,0.64389956,1.0
2019-09-03,1.033977,0.020708445,2.753756806254387,1.0,0.2415628284215927,0.512194,1.0
2019-09-04,1.0331492,0.022089813,2.8270417004823685,1.0,0.1902298480272293,0.63681185,1.0
2019-09-05,1.0352458,0.032264043,2.885202392935753,1.0,0.1397329419851303,0.74546945,1.0
2019-09-06,1.0333502,0.02395226,2.888272598385811,1.0,0.15779145061969757,0.73048115,1.0
2019-09-09,1.0248463,0.024887305,2.779255583882332,1.0,0.1865512877702713,0.5927043,1.0
2019-09-10,1.0278352,0.0049424954,2.767448678612709,1.0,0.18303991854190826,0.58440876,1.0
2019-09-11,1.0260855,0.0012602657,2.7827723026275635,1.0,0.19725263118743896,0.5855197,1.0
2019-09-12,1.0189912,0.006561447,2.867231398820877,1.0,0.27065709233283997,0.5965743,1.0
2019-09-16,1.0247457,0.031275056,2.8377541303634644,1.0,0.29423344135284424,0.5435207,1.0
2019-09-17,1.026459,0.0002466254,2.8178730905056,1.0,0.31981635093688965,0.49805674,1.0
2019-09-18,1.0273532,0.03234168,2.9459035098552704,1.0,0.3402157723903656,0.60568774,1.0
2019-09-19,1.0227349,0.0060401186,2.878336936235428,1.0,0.3034299314022064,0.574907,1.0
2019-09-20,1.0242541,0.035024602,3.0456345081329346,1.0,0.2862074375152588,0.7594271,1.0
2019-09-23,1.0208952,0.019480582,2.7632649540901184,1.0,0.29690876603126526,0.4663562,1.0
2019-09-24,1.0118809,0.008832667,2.8928838670253754,1.0,0.320150762796402,0.5727331,1.0
2019-09-25,1.0127335,0.008808617,2.8380371034145355,1.0,0.3261702358722687,0.51186687,1.0
2019-09-26,1.0078129,0.01055184,2.9067689180374146,1.0,0.35242193937301636,0.554347,1.0
2019-09-27,1.013033,0.010565419,2.8642923533916473,1.0,0.3668018579483032,0.4974905,1.0
2019-09-30,1.0134906,8.288771e-06,2.7980367243289948,1.0,0.3360355496406555,0.46200117,1.0
2019-10-08,1.0177594,0.005982943,2.8191743195056915,1.0,0.2922269403934479,0.5269474,1.0
2019-10-09,1.021093,0.005958535,2.770344763994217,1.0,0.33770763874053955,0.43263713,1.0
2019-10-10,1.0239546,7.171929e-05,2.878150552511215,1.0,0.37900805473327637,0.4991425,1.0
2019-10-11,1.0230715,0.03212445,2.9917009115219115,1.0,0.4,0.5917009,1.0
2019-10-14,1.0182133,0.0005323887,2.9819543600082397,1.0,0.4,0.58195436,1.0
2019-10-15,1.0184425,0.000413768,2.9992286801338195,1.0,0.4,0.5992287,1.0
2019-10-16,1.0128622,0.0005063787,2.949043393135071,1.0,0.37399184703826904,0.57505155,1.0
2019-10-17,1.0142808,0.00799882,2.9046637415885925,1.0,0.3572710156440735,0.5473927,1.0
2019-10-18,1.0165442,0.023707453,2.871421092748642,1.0,0.4,0.4714211,1.0
2019-10-21,1.0127991,0.031464078,2.9694915056228637,1.0,0.4,0.5694915,1.0
2019-10-22,1.0105574,0.030797075,2.906123185157776,1.0,0.4,0.5061232,1.0
2019-10-23,1.0192193,0.001538001,2.85345276594162,1.0,0.4,0.45345277,1.0
2019-10-24,1.0234352,0.0047622845,2.913319969177246,1.0,0.4,0.51331997,1.0
2019-10-25,1.0229622,0.015049364,2.9410181283950805,1.0,0.4,0.5410181,1.0
2019-10-28,1.0189106,0.0074404925,2.9784122347831725,1.0,0.4,0.57841223,1.0
2019-10-29,1.0194741,0.003659971,2.966339135169983,1.0,0.4,0.56633914,1.0
2019-10-30,1.0255773,0.004240278,2.9774080753326415,1.0,0.4,0.5774081,1.0
2019-10-31,1.0276818,0.016805872,3.086785578727722,1.0,0.4,0.6867856,1.0
2019-11-01,1.0310353,0.0058870018,3.0884567141532897,1.0,0.4,0.6884567,1.0
2019-11-04,1.0257658,0.04293378,3.0011760234832763,1.0,0.4,0.601176,1.0
2019-11-05,1.0284303,0.00325438,3.0314538717269897,1.0,0.4,0.6314539,1.0
2019-11-06,1.0254939,0.027310822,2.921521508693695,1.0,0.4,0.5215215,1.0
2019-11-07,1.0173316,0.016747605,2.957682693004608,1.0,0.4,0.5576827,1.0
2019-11-08,1.017788,0.013193417,2.936961555480957,1.0,0.4,0.53696156,1.0
2019-11-11,1.0196273,0.0039124414,2.915624761581421,1.0,0.4,0.51562476,1.0
2019-11-12,1.0211315,0.00038308278,2.8965673387050628,1.0,0.4,0.49656734,1.0
2019-11-13,1.0164016,0.00014754757,2.8537042677402495,1.0,0.4,0.45370427,1.0
2019-11-14,1.0193255,0.006832313,2.928688132762909,1.0,0.4,0.52868813,1.0
2019-11-15,1.0255485,0.0075531714,2.939042830467224,1.0,0.4,0.53904283,1.0
2019-11-18,1.022972,0.0031136647,2.9359985291957855,1.0,0.3994074761867523,0.53659105,1.0
2019-11-19,1.0209519,0.018480942,2.9571652114391327,1.0,0.39054545760154724,0.56661975,1.0
2019-11-20,1.0129868,0.029628176,2.9076084733009337,1.0,0.4,0.5076085,1.0
2019-11-21,1.0122168,0.00033775344,2.917345070838928,1.0,0.4,0.5173451,1.0
2019-11-22,1.0144057,0.00065632537,2.925004744529724,1.0,0.4,0.52500474,1.0
2019-11-25,1.0146929,0.026106637,3.0409982442855834,1.0,0.4,0.64099824,1.0
2019-11-26,1.0134021,0.042015057,3.1445109486579894,1.0,0.4,0.74451095,1.0
2019-11-27,1.0061471,0.02819949,2.9562267899513244,1.0,0.4,0.5562268,1.0
2019-11-28,1.0088544,0.0047471523,2.937358283996582,1.0,0.4,0.5373583,1.0
2019-11-29,1.0101173,0.0015313365,2.913380229473114,1.0,0.4,0.5133802,1.0
2019-12-02,1.0111859,0.02342511,2.965727353096008,1.0,0.4,0.56572735,1.0
2019-12-03,1.0139835,0.0078056566,2.9890212655067443,1.0,0.4,0.58902127,1.0
2019-12-04,1.0185246,0.0004953295,3.0006658673286437,1.0,0.4,0.60066587,1.0
2019-12-05,0.9969001,1.6497767,2.7687652111053467,1.0,0.24522244930267334,0.52354276,1.0
2019-12-06,0.99622023,0.0064108204,2.7098805606365204,1.0,0.18881449103355408,0.52106607,1.0
2019-12-09,0.99088264,0.0048079677,2.7372803688049316,1.0,0.21623742580413818,0.52104294,1.0
2019-12-10,0.98942703,0.00382483,2.7140317261219025,1.0,0.193674236536026,0.5203575,1.0
2019-12-11,0.99586093,0.0060472097,2.693041443824768,1.0,0.17302024364471436,0.5200212,1.0
2019-12-12,0.9971738,0.012201143,2.7222408801317215,1.0,0.19436849653720856,0.5278724,1.0
2019-12-13,1.0043246,0.013678441,2.746414676308632,1.0,0.22179146111011505,0.5246232,1.0
2019-12-16,1.0026006,0.023577133,2.7244990319013596,1.0,0.20443515479564667,0.5200639,1.0
2019-12-17,1.0010241,0.051430613,2.806977391242981,1.0,0.2632730007171631,0.5437044,1.0
2019-12-18,1.0004716,0.0131430365,2.830938756465912,1.0,0.29139024019241333,0.5395485,1.0
2019-12-19,0.9950133,0.004313998,2.871531754732132,1.0,0.3316568434238434,0.5398749,1.0
2019-12-20,0.99828553,0.013744429,2.8780515491962433,1.0,0.3399879038333893,0.53806365,1.0
2019-12-23,0.9982108,0.03151133,2.9260955095291137,1.0,0.4,0.5260955,1.0
2019-12-24,1.0001625,0.020855693,2.917940878868103,1.0,0.4,0.5179409,1.0
2019-12-25,1.002275,0.015523734,2.912894332408905,1.0,0.4,0.51289433,1.0
2019-12-26,1.0106916,0.014143238,2.912227416038513,1.0,0.4,0.5122274,1.0
2019-12-27,1.0137795,0.020125395,2.919497036933899,1.0,0.4,0.51949704,1.0
2019-12-30,1.0178578,0.019225914,2.923136556148529,1.0,0.4,0.52313656,1.0
2019-12-31,1.0171475,0.012235353,2.9128228068351745,1.0,0.4,0.5128228,1.0
2020-01-02,1.0190588,0.09267989,2.9388864278793334,1.0,0.4,0.5388864,1.0
2020-01-03,1.0250784,0.034461178,2.9220345258712768,1.0,0.4,0.5220345,1.0
2020-01-06,1.0216116,0.021234998,2.9359140634536742,1.0,0.4,0.53591406,1.0
2020-01-07,1.0257963,0.0045998264,2.934599006175995,1.0,0.4,0.534599,1.0
2020-01-08,1.0257281,0.025934253,2.930122458934784,1.0,0.4,0.53012246,1.0
2020-01-09,1.0321304,0.023251768,2.9411890745162963,1.0,0.4,0.5411891,1.0
2020-01-10,1.0283889,0.013880935,2.899861305952072,1.0,0.3712292015552521,0.5286321,1.0
2020-01-13,1.0272086,0.01980768,2.9004491567611694,1.0,0.3661958575248718,0.5342533,1.0
2020-01-14,1.0272961,0.012611875,2.916020452976227,1.0,0.39292454719543457,0.5230959,1.0
2020-01-15,1.0258607,0.006650159,2.911382794380188,1.0,0.3936188220977783,0.517764,1.0
2020-01-16,1.0287311,0.007448027,2.9051680266857147,1.0,0.3838993012905121,0.5212687,1.0
2020-01-17,1.0206631,0.005577918,2.8847500681877136,1.0,0.3653280735015869,0.519422,1.0
2020-01-20,1.0210985,0.0049347356,2.907122939825058,1.0,0.3878912627696991,0.5192317,1.0
2020-01-21,1.0043219,0.06324115,2.8298164308071136,1.0,0.33894649147987366,0.49086994,1.0
2020-01-22,0.9637941,0.0397349,2.8281876742839813,1.0,0.3259292542934418,0.5022584,1.0
2020-01-23,0.97941256,0.09574459,2.7261504530906677,1.0,0.2650086283683777,0.46114182,1.0
2020-02-03,0.98647577,0.11641601,2.7388525754213333,1.0,0.2289075404405594,0.50994503,1.0
2020-02-04,0.9996978,0.074520394,2.6998823434114456,1.0,0.21606390178203583,0.48381844,1.0
2020-02-05,1.0035517,0.0385716,2.6893243193626404,1.0,0.21484893560409546,0.47447538,1.0
2020-02-06,1.0519695,0.0795676,2.7346018701791763,1.0,0.2276926189661026,0.50690925,1.0
2020-02-07,1.0573076,0.04747749,2.6991280913352966,1.0,0.20304664969444275,0.49608144,1.0
2020-02-10,1.0685816,0.01201809,2.7178713530302048,1.0,0.20426158607006073,0.51360977,1.0
2020-02-11,1.0743622,0.1585643,2.796613037586212,1.0,0.2729925513267517,0.5236205,1.0
2020-02-12,1.0788101,0.0,2.8362662196159363,1.0,0.305622398853302,0.5306438,1.0
2020-02-13,1.0961632,0.0,2.8104050159454346,1.0,0.28705114126205444,0.5233539,1.0
2020-02-14,1.1083153,0.0,2.8559393286705017,1.0,0.3283591866493225,0.52758014,1.0
2020-02-17,1.1184139,0.0,2.9137521386146545,1.0,0.3779981732368469,0.53575397,1.0
2020-02-18,1.1391422,0.0,2.8973163664340973,1.0,0.3740061819553375,0.5233102,1.0
2020-02-19,1.1492888,0.0,2.9130559861660004,1.0,0.37417981028556824,0.5388762,1.0
2020-02-20,1.1668087,0.0,2.8425372540950775,1.0,0.2955557405948639,0.5469815,1.0
2020-02-21,1.1755509,0.0,2.854675978422165,1.0,0.31152352690696716,0.54315245,1.0
2020-02-24,1.1402647,0.0,2.8396107256412506,1.0,0.31239137053489685,0.52721936,1.0
2020-02-25,1.1311054,0.0,2.8332778811454773,1.0,0.2978120446205139,0.53546584,1.0
2020-02-26,1.0913749,0.0,2.7852251827716827,1.0,0.2539006173610687,0.53132457,1.0
2020-02-27,1.1101549,0.0,2.741767093539238,1.0,0.21606390178203583,0.5257032,1.0
2020-02-28,1.1133525,0.0,2.7087905257940292,1.0,0.211551234126091,0.4972393,1.0
2020-03-02,1.1086781,0.0,2.7341382205486298,1.0,0.22057649493217468,0.5135617,1.0
2020-03-03,1.130228,0.0,2.7304558157920837,1.0,0.22925466299057007,0.50120115,1.0
2020-03-04,1.1194069,0.0,2.636086657643318,1.0,0.13761340081691742,0.49847326,1.0
2020-03-05,1.0785483,0.0,2.684524267911911,1.0,0.16347429156303406,0.52105,1.0
2020-03-06,1.1103529,0.04231956,2.6605903059244156,1.0,0.14195246994495392,0.51863784,1.0
2020-03-09,1.0910629,0.0,2.587173715233803,1.0,0.10220654308795929,0.48496717,1.0
2020-03-10,1.0817963,0.0,2.696514278650284,1.0,0.17597082257270813,0.52054346,1.0
2020-03-11,1.0799778,0.0,2.712504804134369,1.0,0.21918800473213196,0.4933168,1.0
2020-03-12,1.0391349,0.0,2.7213703989982605,1.0,0.24209833145141602,0.47927207,1.0
2020-03-13,1.0360953,0.02790168,2.7346663177013397,1.0,0.26969483494758606,0.46497148,1.0
2020-03-16,1.0291789,0.02790168,2.670434832572937,1.0,0.20929491519927979,0.46113992,1.0
2020-03-17,1.0344783,0.02790168,2.7096938341856003,1.0,0.24869371950626373,0.4610001,1.0
2020-03-18,1.0411155,0.02790168,2.7066169530153275,1.0,0.24886728823184967,0.45774966,1.0
2020-03-19,1.002842,0.02790168,2.7571967244148254,1.0,0.2998948097229004,0.4573019,1.0
2020-03-20,1.0180635,0.02790168,2.7441747784614563,1.0,0.2580660879611969,0.4861087,1.0
2020-03-23,1.0362277,0.07871394,1.7201623171567917,1.0,0.2493879646062851,0.47077435,0.0
2020-03-24,1.0255243,0.031980112,1.8468627035617828,1.0,0.35109588503837585,0.49576682,0.0
2020-03-25,1.0249604,0.031980112,1.9016239881515502,1.0,0.4,0.501624,0.0
2020-03-26,1.0126607,0.031980112,1.8865565299987792,1.0,0.4,0.48655653,0.0
2020-03-27,1.018212,0.0,1.896798127889633,1.0,0.4,0.49679813,0.0
2020-03-30,1.0205145,0.023044987,2.8941863119602202,1.0,0.4,0.4941863,1.0
2020-03-31,1.0492702,0.053941,2.8966726303100585,1.0,0.4,0.49667263,1.0
2020-04-01,1.0446831,0.052553747,2.8967436790466308,1.0,0.4,0.49674368,1.0
2020-04-02,1.0671827,0.0,2.901706302165985,1.0,0.4,0.5017063,1.0
2020-04-03,1.0660094,0.0,2.8864768981933593,1.0,0.4,0.4864769,1.0
2020-04-07,1.0642587,0.0,2.927734398841858,1.0,0.4,0.5277344,1.0
2020-04-08,1.0479743,0.031980112,2.894119256734848,1.0,0.4,0.49411926,1.0
2020-04-09,1.0340656,0.031980112,2.9000441670417785,1.0,0.4,0.50004417,1.0
2020-04-10,1.0543914,0.0,2.892423206567764,1.0,0.4,0.4924232,1.0
2020-04-13,1.0544937,0.0,2.8983459413051604,1.0,0.4,0.49834594,1.0
2020-04-14,1.0592529,0.0,2.9323511958122253,1.0,0.4,0.5323512,1.0
2020-04-15,1.069893,0.0,2.9083613991737365,1.0,0.4,0.5083614,1.0
2020-04-16,1.0735323,0.08867431,2.90881290435791,1.0,0.4,0.5088129,1.0
2020-04-17,1.0609521,0.0,2.923619532585144,1.0,0.4,0.52361953,1.0
2020-04-20,1.0728114,0.0,2.9090036392211913,1.0,0.4,0.50900364,1.0
2020-04-21,1.068855,0.0,2.902992033958435,1.0,0.4,0.50299203,1.0
2020-04-22,1.0613,0.0,2.914953017234802,1.0,0.4,0.514953,1.0
2020-04-23,1.0594615,0.0,2.9120369791984557,1.0,0.4,0.512037,1.0
2020-04-24,1.076394,0.0,2.9133474469184875,1.0,0.4,0.51334745,1.0
2020-04-27,1.0702535,0.0,2.909667634963989,1.0,0.4,0.50966763,1.0
2020-04-28,1.0975403,0.0,2.8986950755119323,1.0,0.4,0.49869508,1.0
2020-04-29,1.1187226,0.0,2.891909325122833,1.0,0.4,0.49190933,1.0
2020-04-30,1.1170031,0.02383799,2.8854829907417296,1.0,0.4,0.485483,1.0
2020-05-06,1.1236069,0.036550425,2.9030109286308288,1.0,0.4,0.5030109,1.0
2020-05-07,1.117345,0.036550425,2.900815510749817,1.0,0.4,0.5008155,1.0
2020-05-08,1.0053064,1.6878926,2.8969239234924316,0.9831968545913696,0.4,0.51372707,1.0
2020-05-11,1.008609,0.0,2.8755682349205016,0.9546557664871216,0.4,0.52091247,1.0
2020-05-12,1.0040456,0.0,2.929096484184265,1.0,0.4,0.5290965,1.0
2020-05-13,1.0136671,0.0,2.873758041858673,0.9546557664871216,0.4,0.5191023,1.0
2020-05-14,1.0074091,0.0,2.913850688934326,1.0,0.4,0.5138507,1.0
2020-05-15,1.0237993,0.0,2.914212727546692,1.0,0.4,0.5142127,1.0
2020-05-18,1.0160255,0.0,2.911754810810089,1.0,0.4,0.5117548,1.0
2020-05-19,1.0033302,0.0,2.9129324197769164,1.0,0.4,0.5129324,1.0
2020-05-20,0.9887033,0.0,2.907891774177551,1.0,0.4,0.5078918,1.0
2020-05-21,0.9868063,0.0,2.905657196044922,1.0,0.4,0.5056572,1.0
2020-05-22,0.9974518,0.024307907,2.896061474084854,1.0,0.4,0.49606147,1.0
2020-05-25,0.9872163,0.024385866,2.9004233121871947,1.0,0.4,0.5004233,1.0
2020-05-26,0.985126,0.0,2.901300811767578,1.0,0.4,0.5013008,1.0
2020-05-27,0.98682487,0.026559008,2.8988096356391906,1.0,0.4,0.49880964,1.0
2020-05-28,1.0130398,0.073249996,2.900737488269806,1.0,0.4,0.5007375,1.0
2020-05-29,1.0142473,0.075841755,2.905586862564087,1.0,0.4,0.50558686,1.0
2020-06-01,1.0127621,0.11010341,2.9032265186309814,0.9831968545913696,0.4,0.52002966,1.0
2020-06-02,1.0113424,0.038477376,2.752885365486145,0.840491533279419,0.4,0.51239383,1.0
2020-06-03,1.0173565,0.024385866,2.7291984796524047,0.8119504451751709,0.4,0.51724803,1.0
2020-06-04,1.0155699,0.024385866,2.789620280265808,0.8975736498832703,0.37432509660720825,0.51772153,1.0
2020-06-05,1.0210572,0.024385866,2.60623562335968,0.7263273000717163,0.359594464302063,0.52031386,1.0
2020-06-08,1.0208994,0.0,2.4225098490715027,0.5836219787597656,0.3275611996650696,0.5113267,1.0
2020-06-09,1.0145135,0.0,2.232061266899109,0.35529351234436035,0.36333560943603516,0.51343215,1.0
2020-06-10,1.0132415,0.0,2.254390001296997,0.469457745552063,0.2761208117008209,0.5088115,1.0
2020-06-11,1.0040123,0.024385866,2.5303569436073303,0.8119504451751709,0.20901456475257874,0.50939196,1.0
2020-06-12,1.0113328,0.036860622,2.4970441460609436,0.7834093570709229,0.20480580627918243,0.508829,1.0
2020-06-15,1.0103776,0.06248752,2.5705275535583496,0.8119504451751709,0.2532064914703369,0.5053706,1.0
2020-06-16,1.018243,0.050125446,2.1809902787208557,0.3838346004486084,0.27892664074897766,0.51822907,1.0
2020-06-17,1.0290776,0.020243535,2.146007478237152,0.3838346004486084,0.24876390397548676,0.51340896,1.0
2020-06-18,1.0405391,0.028844807,1.9387333393096924,0.21258825063705444,0.20293526351451874,0.5232098,1.0
2020-06-19,1.0438759,0.046901096,1.7663851529359818,0.0,0.23309798538684845,0.53328717,1.0
2020-06-22,1.053327,0.0,1.7430290281772614,0.0,0.2164967954158783,0.52653223,1.0
2020-06-23,1.0463254,0.0,1.6972459107637405,0.0,0.17464305460453033,0.52260286,1.0
2020-06-24,1.0587325,0.0,1.749392792582512,0.0,0.23356561362743378,0.5158272,1.0
2020-06-29,1.0733073,0.0,1.814501941204071,0.0,0.2997366189956665,0.5147653,1.0
2020-06-30,1.0899132,0.0,1.8573067784309387,0.0,0.3317699432373047,0.52553684,1.0
2020-07-01,1.0964491,0.0,1.8156151175498962,0.0,0.2894485592842102,0.52616656,1.0
2020-07-02,1.1469172,0.039262466,1.9079630672931671,0.0,0.3588930070400238,0.54907006,1.0
2020-07-03,1.1495649,0.0,1.9516552984714508,0.0,0.3897572457790375,0.56189805,1.0
2020-07-06,1.1643759,0.0,1.802741065621376,0.0,0.21696443855762482,0.5857766,1.0
2020-07-07,1.1862148,0.0,1.9098368287086487,0.0,0.3184422254562378,0.5913946,1.0
2020-07-08,1.1849917,0.0,1.8474030047655106,0.0,0.24993301928043365,0.59747,1.0
2020-07-09,1.216355,0.0,1.9400207102298737,0.0,0.32849642634391785,0.6115243,1.0
2020-07-10,1.2081823,0.0,1.8110347092151642,0.0,0.2104174792766571,0.60061723,1.0
2020-07-13,1.1891191,0.0,1.5232841521501541,0.0,0.08111514151096344,0.6037815,0.8383874893188477
2020-07-14,1.1311444,0.0,1.1625096648931503,0.0,0.042768701910972595,0.57187605,0.5478649139404297
2020-07-15,1.1343623,0.0,0.7191332504153252,0.0,0.07106088846921921,0.5584086,0.08966374397277832
2020-07-16,1.1558717,0.0,1.2913788259029388,0.0,0.07012560963630676,0.5316914,0.6895618438720703
2020-07-17,1.1587262,0.039262466,1.6899624317884445,0.0,0.16575787961483002,0.52420455,1.0
2020-07-20,1.1706856,0.0,1.666289582848549,0.0,0.16248442232608795,0.50380516,1.0
2020-07-21,1.1690751,0.0,1.633604645729065,0.0,0.1344260573387146,0.4991786,1.0
2020-07-22,1.13002,0.0,1.7314598858356476,0.0,0.22117319703102112,0.5102867,1.0
2020-07-23,1.1361301,0.0,1.6822466999292374,0.0,0.21509386599063873,0.5123158,0.9548370242118835
2020-07-24,1.1446682,0.0,1.622290000319481,0.0,0.12764526903629303,0.49464473,1.0
2020-07-27,1.1698637,0.0,1.6455014050006866,0.0,0.14448031783103943,0.5010211,1.0
2020-07-28,1.1653101,0.0,1.6535432785749435,0.0,0.15266399085521698,0.5008793,1.0
2020-07-29,1.1776837,0.0,1.669262483716011,0.0,0.15359927713871002,0.5156632,1.0
2020-07-30,1.1971607,0.0,1.6057122722268105,0.0,0.10473094135522842,0.50098133,1.0
2020-07-31,1.1865013,0.0,1.6637263149023056,0.0,0.1409730166196823,0.5227533,1.0
2020-08-03,1.1985548,0.039262466,1.5619564577937126,0.0,0.024530760943889618,0.5374257,1.0
2020-08-04,1.1940799,0.039262466,1.5407809019088745,0.0,0.0,0.5407809,1.0
2020-08-05,1.1772759,0.039262466,1.519767165184021,0.0,0.0,0.534906,0.9848611354827881
2020-08-06,1.1783807,0.0,1.2517116069793701,0.0,0.0,0.53295183,0.7187597751617432
2020-08-07,1.1665834,0.039262466,1.2520641684532166,0.0,0.0,0.5231096,0.728954553604126
2020-08-10,1.1562308,0.0,1.2120250463485718,0.0,0.0,0.5132555,0.6987695693969727
2020-08-11,1.1570401,0.0,1.2946877479553223,0.0,0.0,0.5105834,0.7841043472290039
2020-08-12,1.1714004,0.039262466,1.4628713428974152,0.0,0.0,0.49509653,0.9677748084068298
2020-08-13,1.1862963,0.0,1.4926437437534332,0.0,0.0,0.49264374,1.0
2020-08-14,1.1897429,0.0,1.5020664930343628,0.0,0.0,0.5020665,1.0
2020-08-17,1.1721177,0.0,1.5087324380874634,0.0,0.0,0.50873244,1.0
2020-08-18,1.1600134,0.0,1.5094935297966003,0.0,0.0,0.5094935,1.0
2020-08-19,1.163155,0.0,1.2465760707855225,0.0,0.0,0.5073981,0.739177942276001
2020-08-20,1.1708862,0.0,1.2428046464920044,0.0,0.0,0.5079659,0.7348387241363525
2020-08-21,1.1688844,0.0,1.3064463138580322,0.0,0.0,0.5154827,0.7909635901451111
2020-08-24,1.1533462,0.0,1.4242324829101562,0.0,0.0,0.50956535,0.9146671295166016
2020-08-25,1.1664144,0.0,1.3703829050064087,0.0,0.0,0.5043758,0.8660070896148682
2020-08-26,1.18196,0.0,1.4937010705471039,0.0,0.0,0.4974412,0.996259868144989
2020-08-27,1.1781334,0.0,1.5007578134536743,0.0,0.0,0.5007578,1.0
2020-08-28,1.1813848,0.0,1.3558984994888306,0.0,0.0,0.510709,0.8451895117759705
2020-08-31,1.1760982,0.0,1.3175921440124512,0.0,0.0,0.49816847,0.8194236755371094
2020-09-01,1.1729394,0.0,1.1846240758895874,0.0,0.0,0.50848156,0.6761425137519836
2020-09-02,1.1710335,0.0,0.934382826089859,0.0,0.0,0.51252156,0.4218612611293793
2020-09-03,1.1474484,0.0,0.704070582985878,0.0,0.0,0.5165545,0.18751610815525055
2020-09-04,1.1418114,0.0,0.624739833176136,0.0,0.0,0.50737125,0.11736858636140823
2020-09-07,1.1149384,0.0,0.8750272691249847,0.0,0.0,0.4999872,0.37504005432128906
2020-09-08,1.1132019,0.0,0.8819634914398193,0.0,0.0,0.5090078,0.37295567989349365
2020-09-09,1.127136,0.039262466,1.2866571545600891,0.0,0.0,0.48971516,0.7969419956207275
2020-09-10,1.1313459,0.0,1.4874833226203918,0.0,0.0,0.48748332,1.0
2020-09-11,1.136987,0.0,1.4885064959526062,0.0,0.0,0.4885065,1.0
2020-09-14,1.1303846,0.039262466,1.4880194067955017,0.0,0.0,0.4880194,1.0
2020-09-15,1.1292925,0.0,1.4966747164726257,0.0,0.0,0.49667472,1.0
2020-09-16,1.1426866,0.0,1.4975659847259521,0.0,0.0,0.49756598,1.0
2020-09-17,1.1372542,0.0,1.506038784980774,0.0,0.0,0.5060388,1.0
2020-09-18,1.1251177,0.0,1.5184905529022217,0.0,0.0,0.51849055,1.0
2020-09-21,1.1284901,0.0,1.5015553832054138,0.0,0.0,0.5015554,1.0
2020-09-22,1.112795,0.0,1.5045130848884583,0.0,0.0,0.5045131,1.0
2020-09-23,1.1117649,0.0,1.506522536277771,0.0,0.0,0.50652254,1.0
2020-09-24,1.1087176,0.0,1.4936426281929016,0.0,0.0,0.49364263,1.0
2020-09-25,1.1159184,0.039262466,1.4994303584098816,0.0,0.0,0.49943036,1.0
2020-09-28,1.1133063,0.0,1.495699942111969,0.0,0.0,0.49569994,1.0
2020-09-29,1.015582,1.7583604,1.4747653901576996,0.0,0.0,0.4747654,1.0
2020-09-30,1.0433168,0.0,1.432671308517456,0.0,0.0,0.4326713,1.0
2020-10-09,1.045332,0.0,1.4705127775669098,0.0,0.0,0.47051278,1.0
2020-10-12,1.0362585,0.0,1.5096904039382935,0.0,0.0,0.5096904,1.0
2020-10-13,1.0309851,0.0,1.5375986695289612,0.0,0.0,0.53759867,1.0
2020-10-14,1.0263859,0.0,1.547265648841858,0.0,0.0,0.54726565,1.0
2020-10-15,1.0189058,0.0,1.586842656135559,0.0,0.0,0.58684266,1.0
2020-10-16,1.0281175,0.0,1.5565251111984253,0.0,0.0,0.5565251,1.0
2020-10-19,1.0216352,0.0,1.528769850730896,0.0,0.0,0.52876985,1.0
2020-10-20,1.0207679,0.0,1.518246829509735,0.0,0.0,0.5182468,1.0
2020-10-21,1.0058846,0.0,1.5009880065917969,0.0,0.0,0.500988,1.0
2020-10-22,1.0014597,0.0,1.4998645186424255,0.0,0.0,0.49986452,1.0
2020-10-23,1.0060588,0.0,1.4856943488121033,0.0,0.0,0.48569435,1.0
2020-10-26,1.01388,0.0,1.477757215499878,0.0,0.0,0.47775722,1.0
2020-10-27,1.0196319,0.0,1.4696157574653625,0.0,0.0,0.46961576,1.0
2020-10-28,1.0088779,0.0,1.4808673858642578,0.0,0.0,0.4808674,1.0
2020-10-29,1.0154757,0.0,1.4890638291835785,0.0,0.0,0.48906383,1.0
2020-10-30,1.0248623,0.0,1.49019193649292,0.0,0.0,0.49019194,1.0
2020-11-02,1.0259593,0.0,1.5059102773666382,0.0,0.0,0.5059103,1.0
2020-11-03,1.0361814,0.0,1.515253722667694,0.0,0.0,0.5152537,1.0
2020-11-04,1.0368363,0.0,1.5136181116104126,0.0,0.0,0.5136181,1.0
2020-11-05,1.0620793,0.0,1.5262286067008972,0.0,0.0,0.5262286,1.0
2020-11-06,1.053865,0.0,1.534378707408905,0.0,0.0,0.5343787,1.0
2020-11-09,1.0388738,0.0,1.5604312419891357,0.0,0.0,0.56043124,1.0
2020-11-10,1.039349,0.0,1.5409051179885864,0.0,0.0,0.5409051,1.0
2020-11-11,1.0339891,0.0,1.5288429260253906,0.0,0.0,0.5288429,1.0
2020-11-12,1.045179,0.0,1.5172792673110962,0.0,0.0,0.51727927,1.0
2020-11-13,1.0425539,0.0,1.5121179819107056,0.0,0.0,0.512118,1.0
2020-11-16,1.0377557,0.0,1.50712251663208,0.0,0.0,0.5071225,1.0
2020-11-17,1.044069,0.0,1.504489779472351,0.0,0.0,0.5044898,1.0
2020-11-18,1.046216,0.0,1.5128592252731323,0.0,0.0,0.5128592,1.0
2020-11-19,1.0517824,0.0,1.5105600953102112,0.0,0.0,0.5105601,1.0
2020-11-20,1.0489665,0.0,1.512492299079895,0.0,0.0,0.5124923,1.0
2020-11-23,1.0359755,0.0,1.5233140587806702,0.0,0.0,0.52331406,1.0
2020-11-24,1.0352719,0.0,1.5167245268821716,0.0,0.0,0.5167245,1.0
2020-11-25,1.0401689,0.0,1.51178777217865,0.0,0.0,0.5117878,1.0
2020-11-26,1.0332385,0.0,1.5145168900489807,0.0,0.0,0.5145169,1.0
2020-11-27,1.0445806,0.0,1.506910502910614,0.0,0.0,0.5069105,1.0
2020-11-30,1.0512509,0.0,1.49891796708107,0.0,0.0,0.49891797,1.0
2020-12-01,1.0536643,0.0,1.5129278302192688,0.0,0.0,0.51292783,1.0
2020-12-02,1.0623443,0.0,1.5108736753463745,0.0,0.0,0.5108737,1.0
2020-12-03,1.0619537,0.0,1.5201523900032043,0.0,0.0,0.5201524,1.0
2020-12-04,1.06514,0.0,1.523931622505188,0.0,0.0,0.5239316,1.0
2020-12-07,1.0511041,0.0,1.5186025500297546,0.0,0.0,0.51860255,1.0
2020-12-08,1.0522301,0.0,1.511851191520691,0.0,0.0,0.5118512,1.0
2020-12-09,1.0462507,0.0,1.487861543893814,0.0,0.0,0.48786154,1.0
2020-12-10,1.0570458,0.0,1.4880570471286774,0.0,0.0,0.48805705,1.0
2020-12-11,1.0545632,0.0,1.4765411913394928,0.0,0.0,0.4765412,1.0
2020-12-14,1.0554901,0.0,1.481489896774292,0.0,0.0,0.4814899,1.0
2020-12-15,1.0632913,0.0,1.4842676222324371,0.0,0.0,0.48426762,1.0
2020-12-16,1.0585141,0.0,1.4997290670871735,0.0,0.0,0.49972907,1.0
2020-12-17,1.071629,0.0,1.5131491422653198,0.0,0.0,0.51314914,1.0
2020-12-18,1.0578502,0.0,1.5190735459327698,0.0,0.0,0.51907355,1.0
2020-12-21,1.0668176,0.0,1.5308736562728882,0.0,0.0,0.53087366,1.0
2020-12-22,1.0617301,0.0,1.5197005867958069,0.0,0.0,0.5197006,1.0
2020-12-23,1.0640415,0.0,1.5321550369262695,0.0,0.0,0.53215504,1.0
2020-12-24,1.0684353,0.0,1.528584849787876,0.0,0.0028998374473303556,0.525685,1.0
2020-12-25,1.0661098,0.0,1.5254060626029968,0.0,0.0,0.52540606,1.0
2020-12-28,1.0752727,0.0,1.5157710313796997,0.0,0.0,0.51577103,1.0
2020-12-29,1.0880976,0.0,1.5088266134262085,0.0,0.0,0.5088266,1.0
2020-12-30,1.112215,0.0,1.512587070465088,0.0,0.0,0.5125871,1.0
2020-12-31,1.1426098,0.0,1.51167231798172,0.0,0.0,0.5116723,1.0
2021-01-04,1.1419454,0.0,1.545951008796692,0.0,0.0,0.545951,1.0
2021-01-05,1.149331,0.0,1.5561102628707886,0.0,0.0,0.55611026,1.0
2021-01-06,1.1391764,0.0,1.421575903892517,0.0,0.0,0.58236235,0.8392135500907898
2021-01-07,1.1277142,0.0,1.04680897295475,0.0,0.1534113734960556,0.5884341,0.30496349930763245
2021-01-08,1.1462213,0.0,0.839875653386116,0.0,0.24774987995624542,0.5921258,0.0
2021-01-11,1.1453291,0.0,0.8145836591720581,0.0,0.272208034992218,0.5423756,0.0
2021-01-12,1.1334852,0.0,0.8549508154392242,0.0,0.30902960896492004,0.5459212,0.0
2021-01-13,1.1226273,0.0,0.8926852345466614,0.0,0.3606335520744324,0.5320517,0.0
2021-01-14,1.136465,0.0,0.7130913287401199,0.0,0.2004462629556656,0.51264507,0.0
2021-01-15,1.1229006,0.0,0.6030575186014175,0.0,0.09696955978870392,0.50608796,0.0
2021-01-18,1.13053,0.0,0.5194445848464966,0.0,0.0,0.5194446,0.0
2021-01-19,1.1415931,0.0,0.5150319496169686,0.0,0.010156647302210331,0.5048753,0.0
2021-01-20,1.1394714,0.0,0.6666668653488159,0.0,0.15099245309829712,0.5156744,0.0
2021-01-21,1.1505383,0.0,0.7102576941251755,0.0,0.1700751632452011,0.54018253,0.0
2021-01-22,1.1360285,0.0,0.6396307647228241,0.0,0.10315129160881042,0.5364795,0.0
2021-01-25,1.1316447,0.0,0.6162421256303787,0.0,0.08003701269626617,0.5362051,0.0
2021-01-26,1.1101717,0.0,0.5145202279090881,0.0,0.0,0.5145202,0.0
2021-01-27,1.1048169,0.0,0.5042735934257507,0.0,0.0,0.5042736,0.0
2021-01-28,1.1094393,0.0,0.47071343660354614,0.0,0.0,0.47071344,0.0
2021-01-29,1.1236974,0.0,0.4552793502807617,0.0,0.0,0.45527935,0.0
2021-02-01,1.1155602,0.0,0.5625832676887512,0.0,0.0,0.442365,0.12021827697753906
2021-02-02,1.1135907,0.0,0.6221747696399689,0.0,0.032195836305618286,0.45890903,0.13106989860534668
2021-02-03,1.1072615,0.0,0.6079697161912918,0.0,0.0,0.45759806,0.15037165582180023
2021-02-04,1.1236839,0.0,0.5258447304368019,0.0,0.0,0.45641857,0.06942615658044815
2021-02-05,1.1413207,0.0,0.517524816095829,0.0,0.0,0.46388197,0.05364284664392471
2021-02-08,1.1591133,0.0,0.6035142838954926,0.0,0.0,0.46261558,0.1408987045288086
2021-02-09,1.1526983,0.0,0.5893293172121048,0.0,0.0,0.46115083,0.12817849218845367
2021-02-10,1.1600682,0.0,0.4283724348060787,0.0,0.0012872139923274517,0.42708522,0.0
2021-02-18,1.1330329,0.0,0.5088169686496258,0.0,0.02090747281908989,0.4879095,0.0
2021-02-19,1.1268402,0.0,0.599283754825592,0.0,0.07842439413070679,0.52085936,0.0
2021-02-22,1.1119965,0.0,0.7114665359258652,0.0,0.17921338975429535,0.53225315,0.0
2021-02-23,1.106306,0.0,0.6940794438123703,0.0,0.1673874706029892,0.526692,0.0
2021-02-24,1.0872171,0.0,0.7602813690900803,0.0,0.2023276537656784,0.5579537,0.0
2021-02-25,1.1030635,0.0,0.7073218822479248,0.0,0.18969541788101196,0.51762646,0.0
2021-02-26,1.0943599,0.0,0.6467108726501465,0.0,0.16066819429397583,0.48604268,0.0
2021-03-01,1.1031138,0.0,0.5884612649679184,0.0,0.0985821932554245,0.48987907,0.0
2021-03-02,1.0751158,0.0,0.8107352554798126,0.0,0.08003701269626617,0.48617268,0.24452556669712067
2021-03-03,1.071747,0.0,0.5059783259639516,0.0,0.0010184446582570672,0.5049599,0.0
2021-03-04,0.97000486,1.7080772,0.47034668922424316,0.0,0.0,0.4703467,0.0
2021-03-05,0.9471344,0.0,0.48000025749206543,0.0,0.0,0.48000026,0.0
2021-03-08,0.95277756,0.0,0.4553409218788147,0.0,0.0,0.45534092,0.0
2021-03-09,0.97205013,0.0,0.440466970205307,0.0,0.0,0.44046697,0.0
2021-03-10,0.9680194,0.0,0.42895498871803284,0.0,0.0,0.428955,0.0
2021-03-11,0.94697094,0.0,0.45361796021461487,0.0,0.0,0.45361796,0.0
2021-03-12,0.9514289,0.0,0.4566938281059265,0.0,0.0,0.45669383,0.0
2021-03-15,0.9621941,0.0,0.46777892112731934,0.0,0.0,0.46777892,0.0
2021-03-16,0.96916837,0.0,0.4851187765598297,0.0,0.0,0.48511878,0.0
2021-03-17,0.95577776,0.0,0.4930204749107361,0.0,0.0,0.49302047,0.0
2021-03-18,0.9603391,0.0,0.4829006791114807,0.0,0.0,0.48290068,0.0
2021-03-19,0.9571248,0.0,0.4760374128818512,0.0,0.0,0.4760374,0.0
2021-03-22,0.94907284,0.0,0.4935057759284973,0.0,0.0,0.49350578,0.0
2021-03-23,0.951139,0.0,0.4832514822483063,0.0,0.0,0.48325148,0.0
2021-03-24,0.96418107,0.0,0.4854056239128113,0.0,0.0,0.48540562,0.0
2021-03-25,0.96662366,0.0,0.47768649458885193,0.0,0.0,0.4776865,0.0
2021-03-26,0.97151095,0.0,0.48804551362991333,0.0,0.0,0.4880455,0.0
2021-03-29,0.9667459,0.0,0.47327813506126404,0.0,0.0,0.47327814,0.0
2021-03-30,0.9815661,0.0,0.48511847853660583,0.0,0.0,0.48511848,0.0
2021-03-31,1.001453,0.0,0.4818628430366516,0.0,0.0,0.48186284,0.0
2021-04-01,0.99683976,0.0,0.4870394766330719,0.0,0.0,0.48703948,0.0
2021-04-02,0.98955965,0.0,0.49647965654730797,0.0,0.013440903276205063,0.48303875,0.0
2021-04-06,0.99209446,0.0,0.4883895814418793,0.0,0.0,0.48838958,0.0
2021-04-07,0.98346114,0.0,0.49780529737472534,0.0,0.0,0.4978053,0.0
2021-04-08,0.9730942,0.0,0.5003530383110046,0.0,0.0,0.50035304,0.0
2021-04-09,0.97463405,0.0,0.4969790577888489,0.0,0.0,0.49697906,0.0
2021-04-12,0.97946054,0.0,0.49771612882614136,0.0,0.0,0.49771613,0.0
2021-04-13,0.974633,0.0,0.4815199375152588,0.0,0.0,0.48151994,0.0
2021-04-14,0.9788082,0.0,0.47462978959083557,0.0,0.0,0.4746298,0.0
2021-04-15,0.99277437,0.0,0.4688645303249359,0.0,0.0,0.46886453,0.0
2021-04-16,0.9931744,0.0,0.47658395767211914,0.0,0.0,0.47658396,0.0
2021-04-19,0.9972169,0.0,0.4987565875053406,0.0,0.0,0.4987566,0.0
2021-04-20,0.998617,0.0,0.5092897731810808,0.0,0.007027776911854744,0.502262,0.0
2021-04-21,1.0067422,0.0,0.5476373173296452,0.0,0.04728797450661659,0.50034934,0.0
2021-04-22,0.9969908,0.0,0.566485945135355,0.0,0.06225192919373512,0.504234,0.0
2021-04-23,0.9982273,0.0,0.578864611685276,0.0,0.07204977422952652,0.50681484,0.0
2021-04-26,1.0055053,0.0,0.5934602916240692,0.0,0.09966185688972473,0.49379843,0.0
2021-04-27,1.0140566,0.0,0.6027978211641312,0.0,0.1165853887796402,0.48621243,0.0
2021-04-28,1.0117437,0.0,0.6211882680654526,0.0,0.13457776606082916,0.4866105,0.0
2021-04-29,0.99864405,0.0,0.6325480788946152,0.0,0.15114502608776093,0.48140305,0.0
2021-04-30,0.98464835,0.0,0.5995910465717316,0.0,0.14116904139518738,0.458422,0.0
2021-05-06,0.9755874,0.0,0.6070711761713028,0.0,0.13974390923976898,0.46732727,0.0
2021-05-07,0.98520315,0.0,0.6614857763051987,0.0,0.19443364441394806,0.46705213,0.0
2021-05-10,0.99309844,0.0,0.6928357630968094,0.0,0.2174140363931656,0.47542173,0.0
2021-05-11,0.98841506,0.0,0.7197446674108505,0.0,0.2432446926832199,0.47649997,0.0
2021-05-12,1.0029422,0.0,0.6961541473865509,0.0,0.186239093542099,0.50991505,0.0
2021-05-13,1.0137173,0.0,0.6564992666244507,0.0,0.16058656573295593,0.4959127,0.0
2021-05-14,1.0123702,0.0,0.6855846494436264,0.0,0.17056255042552948,0.5150221,0.0
2021-05-17,1.0140463,0.0,0.6653024703264236,0.0,0.15274830162525177,0.51255417,0.0
2021-05-18,1.0183705,0.0,0.6659378409385681,0.0,0.14971989393234253,0.51621795,0.0
2021-05-19,1.0123522,0.0,0.6735119223594666,0.0,0.15702372789382935,0.5164882,0.0
2021-05-20,1.0176553,0.0,0.6645721942186356,0.0,0.14865101873874664,0.5159212,0.0
2021-05-21,1.0383807,0.0,0.6590263098478317,0.0,0.15310458838939667,0.5059217,0.0
2021-05-24,1.0363841,0.0,0.6013260409235954,0.0,0.09538643807172775,0.5059396,0.0
2021-05-25,1.0460063,0.0,0.5806798934936523,0.0,0.07169348001480103,0.5089864,0.0
2021-05-26,1.0404912,0.0,0.5546056069433689,0.0,0.04817867651581764,0.50642693,0.0
2021-05-27,1.0474433,0.0,0.5614367835223675,0.0,0.04212183877825737,0.51931494,0.0
2021-05-28,1.0524435,0.0,0.5526861995458603,0.0,0.033036574721336365,0.5196496,0.0
2021-05-31,1.0434898,0.0,0.5315003395080566,0.0,0.0,0.53150034,0.0
2021-06-01,1.0406059,0.0,0.5377469062805176,0.0,0.0,0.5377469,0.0
2021-06-02,1.0483929,0.0,0.5243993401527405,0.0,0.0,0.52439934,0.0
2021-06-03,1.0509983,0.0,0.514397919178009,0.0,0.0,0.5143979,0.0
2021-06-04,1.039164,0.0,0.5059774518013,0.0,0.0,0.50597745,0.0
2021-06-07,1.043332,0.0,0.4950867295265198,0.0,0.0,0.49508673,0.0
2021-06-08,1.0496491,0.0,0.4825001657009125,0.0,0.0,0.48250017,0.0
2021-06-09,1.0404773,0.0,0.4872207045555115,0.0,0.0,0.4872207,0.0
2021-06-10,1.0362822,0.0,0.5003191232681274,0.0,0.0,0.5003191,0.0
2021-06-11,1.0235077,0.0,0.4903556704521179,0.0,0.0,0.49035567,0.0
2021-06-15,1.0403085,0.0,0.4865656793117523,0.0,0.0,0.48656568,0.0
2021-06-16,1.0396309,0.0,0.4812573790550232,0.0,0.0,0.48125738,0.0
2021-06-17,1.0373948,0.0,0.4921027719974518,0.0,0.0,0.49210277,0.0
2021-06-18,1.0403702,0.0,0.4857603907585144,0.0,0.0,0.4857604,0.0
2021-06-21,1.0464472,0.0,0.5046414136886597,0.0,0.0,0.5046414,0.0
2021-06-22,1.0436296,0.0,0.5088575482368469,0.0,0.0,0.50885755,0.0
2021-06-23,0.9889592,0.0,0.5339789986610413,0.0,0.0,0.533979,0.0
2021-06-24,0.99596214,0.0,0.5233491063117981,0.0,0.0,0.5233491,0.0
2021-06-25,0.98820543,0.0,0.5269749164581299,0.0,0.0,0.5269749,0.0
2021-06-28,0.99893034,0.0,0.5198745727539062,0.0,0.0,0.5198746,0.0
2021-06-29,0.99647284,0.0,0.5110495686531067,0.0,0.0,0.51104957,0.0
2021-06-30,0.9793327,0.0,0.5095897912979126,0.0,0.0,0.5095898,0.0
2021-07-01,0.98691624,0.0,0.49296650290489197,0.0,0.0,0.4929665,0.0
2021-07-02,0.9815603,0.0,0.47874140937346965,0.0,0.0002583583118394017,0.47848305,0.0
2021-07-05,0.9911654,0.0,0.5140534788370132,0.0,0.029295578598976135,0.4847579,0.0
2021-07-06,0.991222,0.0,0.5168831162154675,0.0,0.039093416184186935,0.4777897,0.0
2021-07-07,0.9832793,0.0,0.4880802035331726,0.0,0.0,0.4880802,0.0
2021-07-08,0.9911999,0.0,0.5063132047653198,0.0,0.0,0.5063132,0.0
2021-07-09,0.9922578,0.0,0.5290951570495963,0.0,0.010234340094029903,0.5188608,0.0
2021-07-12,0.98804796,0.0,0.5249619483947754,0.0,0.0,0.52496195,0.0
2021-07-13,0.9958731,0.0,0.5329817533493042,0.0,0.0,0.53298175,0.0
2021-07-14,0.98621124,0.0,0.5073221325874329,0.0,0.0,0.50732213,0.0
2021-07-15,0.9851421,0.0,0.5290344394743443,0.0,0.013975325971841812,0.5150591,0.0
2021-07-16,0.99012816,0.0,0.5090155927464366,0.0,0.012372049503028393,0.49664354,0.0
2021-07-19,0.9985311,0.0,0.5052211787551641,0.0,0.019854029640555382,0.48536715,0.0
2021-07-20,1.0001539,0.0,0.4854457937180996,0.0,0.004711922258138657,0.48073387,0.0
2021-07-21,0.99226326,0.0,0.49821919202804565,0.0,0.0,0.4982192,0.0
2021-07-22,0.9725406,0.0,0.5193890733644366,0.0,0.007562200538814068,0.5118269,0.0
2021-07-23,0.9551486,0.0,0.5302345231175423,0.0,0.021991737186908722,0.5082428,0.0
2021-07-26,0.95229024,0.0,0.5247348472476006,0.0,0.022882454097270966,0.5018524,0.0
2021-07-27,0.9698281,0.0,0.5242975763976574,0.0,0.03713385388255119,0.48716372,0.0
2021-07-28,0.964536,0.0,0.45667847990989685,0.0,0.0,0.45667848,0.0
2021-07-29,1.0114315,1.7190171,1.4522373676300049,0.0,0.0,0.45223737,1.0
2021-07-30,1.0031211,0.0,1.4535461366176605,0.0,0.0,0.45354614,1.0
2021-08-02,1.0124103,0.0,1.4745511412620544,0.0,0.0,0.47455114,1.0
2021-08-03,1.0078726,0.0,1.4854369163513184,0.0,0.0,0.48543692,1.0
2021-08-04,1.0047216,0.0,1.5242751836776733,0.0,0.0,0.5242752,1.0
2021-08-05,1.0083323,0.0,1.515312910079956,0.0,0.0,0.5153129,1.0
2021-08-06,1.0192267,0.0,1.5182539224624634,0.0,0.0,0.5182539,1.0
2021-08-09,1.0144124,0.0,1.511253297328949,0.0,0.0,0.5112533,1.0
2021-08-10,1.0101177,0.0,1.5159636735916138,0.0,0.0,0.5159637,1.0
2021-08-11,1.0016412,0.0,1.508583426475525,0.0,0.0,0.5085834,1.0
2021-08-12,1.0037713,0.0,1.5130482912063599,0.0,0.0,0.5130483,1.0
2021-08-13,0.9805322,0.0,1.5065888166427612,0.0,0.0,0.5065888,1.0
2021-08-16,0.9829164,0.0,1.5021060109138489,0.0,0.0,0.502106,1.0
2021-08-17,0.98361254,0.0,1.4794062077999115,0.0,0.0,0.4794062,1.0
2021-08-18,0.9721959,0.0,1.4770131707191467,0.0,0.0,0.47701317,1.0
2021-08-19,0.98292,0.0,1.4580945074558258,0.0,0.0,0.4580945,1.0
2021-08-20,0.9936309,0.0,1.4568305015563965,0.0,0.0,0.4568305,1.0
2021-08-23,0.9955018,0.0,1.4849014282226562,0.0,0.0,0.48490143,1.0
2021-08-24,0.9805229,0.0,1.5120118856430054,0.0,0.0,0.5120119,1.0
2021-08-25,0.9839202,0.0,1.5105094909667969,0.0,0.0,0.5105095,1.0
2021-08-26,0.98264366,0.0,1.512191116809845,0.0,0.0,0.5121911,1.0
2021-08-27,0.97298163,0.0,1.5162131786346436,0.0,0.0,0.5162132,1.0
2021-08-30,0.9813174,0.0,2.263840615749359,0.7650257349014282,0.0,0.49881488,1.0
2021-08-31,0.97123253,0.0,2.4902338087558746,1.0,0.0,0.4902338,1.0
2021-09-01,0.97283375,0.0,2.2792635560035706,0.7915986776351929,0.0,0.48766488,1.0
2021-09-02,0.9868304,0.0,2.256236582994461,0.7650257349014282,0.0,0.49121085,1.0
2021-09-03,0.99066913,0.0,2.3864232897758484,0.8978909254074097,0.0,0.48853236,1.0
2021-09-06,0.98335075,0.0,1.8603330254554749,0.3664299249649048,0.0,0.4939031,1.0
2021-09-07,0.9820635,0.0,1.5101162195205688,0.0,0.0,0.5101162,1.0
2021-09-08,0.9959899,0.0,1.563396517187357,0.04755324497818947,0.0,0.5158433,1.0
2021-09-09,0.9831636,0.0,1.524008333683014,0.0,0.0,0.52400833,1.0
2021-09-10,0.97824395,0.0,1.5373941659927368,0.0,0.0,0.53739417,1.0
2021-09-13,0.9708583,0.0,1.5317835807800293,0.0,0.0,0.5317836,1.0
2021-09-14,0.9650017,0.0,1.7773995399475098,0.260137677192688,0.0,0.51726186,1.0
2021-09-15,0.97129744,0.0,2.062996983528137,0.5524412393569946,0.0,0.51055574,1.0
2021-09-16,0.9676853,0.0,2.4025354981422424,0.9244639873504639,0.0,0.4780715,1.0
2021-09-17,0.97545505,0.0,2.1600429713726044,0.711879551410675,0.0,0.44816342,1.0
2021-09-22,0.98119295,0.0,2.314734250307083,0.8713178038597107,0.0,0.44341645,1.0
2021-09-23,0.99364,0.0,2.164704531431198,0.711879551410675,0.0,0.45282498,1.0
2021-09-24,0.9904314,0.0,2.259570747613907,0.8181717395782471,0.0,0.441399,1.0
2021-09-27,0.9841581,0.0,2.099001884460449,0.6587335467338562,0.0,0.44026834,1.0
2021-09-28,0.98753625,0.0,1.9891207814216614,0.5258682370185852,0.0,0.46325254,1.0
2021-09-29,0.9966585,0.0,2.3315056562423706,0.8978909254074097,0.0,0.43361473,1.0
2021-09-30,0.9950972,0.0,2.137340098619461,0.7384525537490845,0.0,0.39888754,1.0
2021-10-08,0.9839758,0.0,1.739031821489334,0.31328386068344116,0.0,0.42574796,1.0
2021-10-11,0.9973755,0.0,1.684183731675148,0.2335646003484726,0.0,0.45061913,1.0
2021-10-12,0.9972122,0.0,2.025945007801056,0.5790143013000488,0.0,0.4469307,1.0
2021-10-13,1.0030818,0.0,1.8048594295978546,0.3398568034172058,0.0,0.46500263,1.0
2021-10-14,0.98800427,0.0,1.9949564039707184,0.4992952346801758,0.0,0.49566117,1.0
2021-10-15,0.9993868,0.0,1.8163688480854034,0.3398568034172058,0.0,0.47651204,1.0
2021-10-18,0.997524,0.0,2.134151577949524,0.6587335467338562,0.0,0.47541803,1.0
2021-10-19,0.99375457,0.0,1.8083029091358185,0.31328386068344116,0.0,0.49501905,1.0
2021-10-20,1.0037869,0.0,1.9217543601989746,0.41957592964172363,0.0,0.50217843,1.0
2021-10-21,1.0077333,0.0,1.7879130244255066,0.28671079874038696,0.0,0.5012022,1.0
2021-10-22,1.0045112,0.0,1.6792405843734741,0.18041855096817017,0.0,0.49882203,1.0
2021-10-25,0.9973806,0.0,1.5669963955879211,0.07412636280059814,0.0,0.49287003,1.0
2021-10-26,0.99895555,0.0,1.722342774271965,0.2335646003484726,0.0,0.48877817,1.0
2021-10-27,1.0106478,0.0,2.1897456645965576,0.711879551410675,0.0,0.4778661,1.0
2021-10-28,1.0091509,0.0,2.4627038836479187,1.0,0.0,0.46270388,1.0
2021-10-29,1.0138527,0.0,2.0422087609767914,0.5790143013000488,0.0,0.46319446,1.0
2021-11-01,1.0115861,0.0,2.4572989344596863,1.0,0.0,0.45729893,1.0
2021-11-02,1.0246861,0.0,2.4462758898735046,1.0,0.0,0.4462759,1.0
2021-11-03,1.0221939,0.0,2.442255198955536,1.0,0.0,0.4422552,1.0
2021-11-04,1.0181445,0.0,2.4680768847465515,1.0,0.0,0.46807688,1.0
2021-11-05,1.0219904,0.0,2.4581003189086914,1.0,0.0,0.45810032,1.0
2021-11-08,1.0162082,0.0,2.456829249858856,1.0,0.0,0.45682925,1.0
2021-11-09,1.0244195,0.0,2.4690328538417816,1.0,0.0,0.46903285,1.0
2021-11-10,1.022849,0.0,2.471858114004135,1.0,0.0,0.4718581,1.0
2021-11-11,1.0212483,0.0,2.4814372956752777,1.0,0.0,0.4814373,1.0
2021-11-12,1.0220152,0.0,2.4919479489326477,1.0,0.0,0.49194795,1.0
2021-11-15,1.0210115,0.0,2.4863881170749664,1.0,0.0,0.48638812,1.0
2021-11-16,1.0168619,0.0,2.47741761803627,1.0,0.0,0.47741762,1.0
2021-11-17,1.0222948,0.0,2.477677643299103,1.0,0.0,0.47767764,1.0
2021-11-18,1.0315282,0.0,2.4716784060001373,1.0,0.0,0.4716784,1.0
2021-11-19,1.0286359,0.0,2.4796096682548523,1.0,0.0,0.47960967,1.0
2021-11-22,1.0303872,0.0,2.490874856710434,1.0,0.0,0.49087486,1.0
2021-11-23,1.0295042,0.0,2.5024486780166626,1.0,0.0,0.5024487,1.0
2021-11-24,1.0222831,0.0,2.499434471130371,1.0,0.0,0.49943447,1.0
2021-11-25,1.024882,0.0,2.5013453364372253,1.0,0.0,0.50134534,1.0
2021-11-26,1.0221142,0.0,2.4941237568855286,1.0,0.0,0.49412376,1.0
2021-11-29,1.0215153,0.0,2.4860295355319977,1.0,0.0,0.48602954,1.0
2021-11-30,1.0220865,0.0,2.481257528066635,1.0,0.0,0.48125753,1.0
2021-12-01,1.0363197,0.0,2.4821557998657227,1.0,0.0,0.4821558,1.0
2021-12-02,1.0296481,0.0,2.470658451318741,1.0,0.0,0.47065845,1.0
2021-12-03,1.0260631,0.0,2.4772985577583313,1.0,0.0,0.47729856,1.0
2021-12-06,1.0412431,0.0,2.467069089412689,1.0,0.0,0.4670691,1.0
2021-12-07,1.049086,0.0,2.4634063839912415,1.0,0.0,0.46340638,1.0
2021-12-08,1.0478655,0.0,2.101273000240326,0.6321603655815125,0.0,0.46911263,1.0
2021-12-09,1.0489613,0.0,1.6092597246170044,0.12727254629135132,0.0,0.48198718,1.0
2021-12-10,1.049116,0.0,1.768240600824356,0.28671079874038696,0.0,0.4815298,1.0
2021-12-13,1.0392288,0.0,1.489473670721054,0.0,0.0,0.48947367,1.0
2021-12-14,1.0385886,0.0,1.4967311918735504,0.0,0.0,0.4967312,1.0
2021-12-15,1.0244069,0.0,1.4897759556770325,0.0,0.0,0.48977596,1.0
2021-12-16,1.0179722,0.0,1.4921982884407043,0.0,0.0,0.4921983,1.0
2021-12-17,1.0208263,0.0,1.4752770066261292,0.0,0.0,0.475277,1.0
2021-12-20,1.0263581,0.0,1.4662798941135406,0.0,0.0,0.4662799,1.0
2021-12-21,1.0327448,0.0,1.4641281068325043,0.0,0.0,0.4641281,1.0
2021-12-22,1.0354037,0.0,1.4655372500419617,0.0,0.0,0.46553725,1.0
2021-12-23,1.0335867,0.0,1.4695560336112976,0.0,0.0,0.46955603,1.0
2021-12-24,1.0361698,0.0,1.4674677848815918,0.0,0.0,0.46746778,1.0
2021-12-27,0.98417777,1.6139427,2.4739819169044495,1.0,0.0,0.47398192,1.0
2021-12-28,0.994909,0.0037959367,2.478877305984497,1.0,0.0,0.4788773,1.0
2021-12-29,0.99470633,0.008173268,2.474266916513443,1.0,0.0,0.47426692,1.0
2021-12-30,0.9927386,0.017867558,2.4795473217964172,1.0,0.0,0.47954732,1.0
2021-12-31,0.9791896,0.0070051886,2.479177176952362,1.0,0.0,0.47917718,1.0
2022-01-04,0.97086585,0.0387611,2.5047893971204758,1.0,0.027868613600730896,0.47692078,1.0
2022-01-05,0.963918,0.011919761,2.497000778093934,1.0,0.030355626717209816,0.46664515,1.0
2022-01-06,0.96278954,0.008969804,2.4857378471642733,1.0,0.02066935785114765,0.4650685,1.0
2022-01-07,0.95246,0.008520607,2.4691248778253794,1.0,0.022109204903244972,0.44701567,1.0
2022-01-10,0.96154577,0.003585916,2.493499059230089,1.0,0.03546055033802986,0.4580385,1.0
2022-01-11,0.9474982,0.02226021,2.516215682029724,1.0,0.06844621896743774,0.44776946,1.0
2022-01-12,0.94800276,0.014789714,2.531063824892044,1.0,0.06726816296577454,0.46379566,1.0
2022-01-13,0.95648307,0.025526302,2.480217719450593,1.0,0.024988913908600807,0.4552288,1.0
2022-01-14,0.96235085,0.0036382265,2.500852420926094,1.0,0.030093833804130554,0.4707586,1.0
2022-01-17,0.9529864,0.016773865,2.534117463976145,1.0,0.057712797075510025,0.47640467,1.0
2022-01-18,0.9559993,0.013703629,2.5604344978928566,1.0,0.08520085364580154,0.47523364,1.0
2022-01-19,0.95050466,0.010059316,2.599762961268425,1.0,0.13520292937755585,0.46456003,1.0
2022-01-20,0.9531144,0.007318413,2.6037428081035614,1.0,0.14619815349578857,0.45754465,1.0
2022-01-21,0.936471,0.0124641955,2.641362264752388,1.0,0.19777099788188934,0.44359127,1.0
2022-01-24,0.941918,0.008243669,2.621806964278221,1.0,0.19397501647472382,0.42783195,1.0
2022-01-25,0.9233205,0.017437603,2.584174484014511,1.0,0.17263907194137573,0.4115354,1.0
2022-01-26,0.9149825,0.012992866,2.56722092628479,1.0,0.15562263131141663,0.4115983,1.0
2022-01-27,0.92173105,0.014074907,2.595644846558571,1.0,0.19502218067646027,0.40062267,1.0
2022-01-28,0.9109468,0.0111516975,2.582769453525543,1.0,0.20457756519317627,0.3781919,1.0
2022-02-07,0.9223853,0.07969694,2.597231388092041,1.0,0.1979019045829773,0.39932948,1.0
2022-02-08,0.92460805,0.0051649995,2.5817841291427612,1.0,0.16910487413406372,0.41267926,1.0
2022-02-09,0.91549426,0.011451386,2.5952084362506866,1.0,0.16570159792900085,0.42950684,1.0
2022-02-10,0.9118277,0.008765321,2.606757700443268,1.0,0.15863323211669922,0.44812447,1.0
2022-02-11,0.9251142,0.006162837,2.6270968466997147,1.0,0.14868517220020294,0.47841167,1.0
2022-02-14,0.9241848,0.0125917345,2.6277995109558105,1.0,0.15575352311134338,0.472046,1.0
2022-02-15,0.92709255,0.0048793443,2.6357731223106384,1.0,0.15994217991828918,0.47583094,1.0
2022-02-16,0.92831045,0.0034610778,2.635535344481468,1.0,0.16269098222255707,0.47284436,1.0
2022-02-17,0.9273505,0.0069206767,2.651812419295311,1.0,0.17434068024158478,0.47747174,1.0
2022-02-18,0.9206353,0.0045639165,2.660495012998581,1.0,0.17761307954788208,0.48288193,1.0
2022-02-21,0.9360255,0.0014626831,2.659376487135887,1.0,0.17407889664173126,0.4852976,1.0
2022-02-22,0.9247177,0.019000273,2.6161008328199387,1.0,0.13284681737422943,0.48325402,1.0
2022-02-23,0.9292787,0.007159367,2.605047322809696,1.0,0.10850024968385696,0.49654707,1.0
2022-02-24,0.9307126,0.026334494,2.5986201390624046,1.0,0.11530681699514389,0.48331332,1.0
2022-02-25,0.94004935,0.010721248,2.633767619729042,1.0,0.14214040338993073,0.49162722,1.0
2022-02-28,0.9325698,0.0029176958,2.6331287175416946,1.0,0.14986322820186615,0.4832655,1.0
2022-03-01,0.92166746,0.041276425,2.6536551117897034,1.0,0.16910487413406372,0.48455024,1.0
2022-03-02,0.9200771,0.014266264,2.6409624367952347,1.0,0.1676650196313858,0.47329742,1.0
2022-03-03,0.89639115,0.006616352,2.6319530308246613,1.0,0.1511721909046173,0.48078084,1.0
2022-03-04,0.8862274,0.00933579,2.618271440267563,1.0,0.14449653029441833,0.4737749,1.0
2022-03-07,0.8852824,0.026021693,1.622385710477829,1.0,0.15405189990997314,0.4683338,0.0
2022-03-08,0.8944838,0.015484497,1.6680720448493958,1.0,0.20876619219779968,0.45930585,0.0
2022-03-09,0.8984847,0.014200753,1.6444279104471207,1.0,0.19960351288318634,0.4448244,0.0
2022-03-10,0.8758763,0.009658352,1.64601668715477,1.0,0.195807546377182,0.45020914,0.0
2022-03-11,0.84600115,0.008821353,1.5923865139484406,1.0,0.13978427648544312,0.45260224,0.0
2022-03-14,0.869373,0.010876078,1.591969683766365,1.0,0.14645995199680328,0.44550973,0.0
2022-03-15,0.88388556,0.02050903,1.5673565715551376,1.0,0.13847531378269196,0.42888126,0.0
2022-03-16,0.88540083,0.017255321,1.5326717346906662,1.0,0.08965130150318146,0.44302043,0.0
2022-03-17,0.887537,0.008254688,1.5234364196658134,1.0,0.08075039833784103,0.44268602,0.0
2022-03-18,0.8827342,0.0033958517,1.5564799532294273,1.0,0.11517592519521713,0.44130403,0.0
2022-03-21,0.8852319,0.011186503,1.5592247322201729,1.0,0.11609218269586563,0.44313255,0.0
2022-03-22,0.8773461,0.0054335147,1.5771040245890617,1.0,0.10876204818487167,0.46834198,0.0
2022-03-23,0.8682027,0.007558495,1.5772933885455132,1.0,0.10483517497777939,0.4724582,0.0
2022-03-24,0.86060774,0.00763645,1.5630350038409233,1.0,0.08821143954992294,0.47482356,0.0
2022-03-25,0.85524297,0.002923794,1.565495640039444,1.0,0.09030577540397644,0.47518986,0.0
2022-03-28,0.87181014,0.008435663,1.534739337861538,1.0,0.06595920771360397,0.46878013,0.0
2022-03-29,0.86373067,0.008294016,1.5116542056202888,1.0,0.048680998384952545,0.4629732,0.0
2022-03-30,0.86943185,0.01866334,1.5365058183670044,1.0,0.062032341957092285,0.47447348,0.0
2022-03-31,0.862018,0.019058198,1.5567274987697601,1.0,0.0967196524143219,0.46000785,0.0
2022-04-01,0.8508758,0.044727683,1.5801807940006256,1.0,0.1281345784664154,0.45204622,0.0
2022-04-06,0.8517845,0.017053735,1.5849648714065552,1.0,0.12630203366279602,0.45866284,0.0
2022-04-07,0.83123654,0.005756311,1.5814395546913147,1.0,0.12407681345939636,0.45736274,0.0
2022-04-08,0.8448471,0.004640337,1.5649118348956108,1.0,0.12158980220556259,0.44332203,0.0
2022-04-11,0.83680683,0.0057116337,1.526199795305729,1.0,0.09082935005426407,0.43537045,0.0
2022-04-12,0.8505566,0.023403399,1.5376271978020668,1.0,0.07917965203523636,0.45844755,0.0
2022-04-13,0.8493589,0.017269792,1.5343693643808365,1.0,0.09815950691699982,0.43620986,0.0
2022-04-14,0.8568906,0.010491015,1.5732939839363098,1.0,0.12983623147010803,0.44345775,0.0
2022-04-15,0.8515959,0.0039098077,1.5892211943864822,1.0,0.15064860880374908,0.4385726,0.0
2022-04-18,0.8451005,0.0057784,1.6129496544599533,1.0,0.16033487021923065,0.45261478,0.0
2022-04-19,0.83219767,0.009409964,1.6130461692810059,1.0,0.16203650832176208,0.45100966,0.0
2022-04-20,0.826534,0.0101540685,1.5918146222829819,1.0,0.13703547418117523,0.45477915,0.0
2022-04-21,0.79373795,0.018542748,1.5824416726827621,1.0,0.14227129518985748,0.44017038,0.0
2022-04-22,0.7866905,0.011388421,1.580834299325943,1.0,0.14449653029441833,0.43633777,0.0
2022-04-25,0.8104333,0.018223811,1.532919317483902,1.0,0.14449653029441833,0.3884228,0.0
2022-04-26,0.80998343,0.022180628,1.4935815334320068,1.0,0.14384204149246216,0.3497395,0.0
2022-04-27,0.8236902,0.0024474673,1.4754174798727036,1.0,0.13428668677806854,0.3411308,0.0
2022-04-28,0.82439786,0.013713164,1.439746767282486,1.0,0.09973025321960449,0.3400165,0.0
2022-04-29,0.8080042,0.008194115,1.4591181203722954,1.0,0.11360516399145126,0.34551296,0.0
2022-05-05,0.80438316,0.03982397,1.4978235960006714,1.0,0.10287174582481384,0.39495185,0.0
2022-05-06,0.81688327,0.005615853,1.528791606426239,1.0,0.09135293960571289,0.43743867,0.0
2022-05-09,0.82710886,0.0057103187,1.5592042282223701,1.0,0.10444248467683792,0.45476174,0.0
2022-05-10,0.8291331,0.0067414306,1.6026466488838196,1.0,0.13049069046974182,0.47215596,0.0
2022-05-11,0.8302501,0.013840836,1.6304373294115067,1.0,0.12761099636554718,0.50282633,0.0
2022-05-12,0.8239184,0.012086805,1.6172771751880646,1.0,0.1281345784664154,0.4891426,0.0
2022-05-13,0.834573,0.0038916655,1.6388231217861176,1.0,0.14685264229774475,0.49197048,0.0
2022-05-16,0.8338383,0.006733123,1.6599334329366684,1.0,0.17434068024158478,0.48559275,0.0
2022-05-17,0.83665353,0.008008238,1.6751297116279602,1.0,0.18821561336517334,0.4869141,0.0
2022-05-18,0.84658945,0.0068896525,1.6474073380231857,1.0,0.17211546003818512,0.47529188,0.0
2022-05-19,0.8455848,0.0038963296,1.6322854161262512,1.0,0.15457546710968018,0.47770995,0.0
2022-05-20,0.8299989,0.009753782,1.6282368153333664,1.0,0.14855428040027618,0.47968253,0.0
2022-05-23,0.83164877,0.0060858317,1.6292185485363007,1.0,0.15221935510635376,0.4769992,0.0
2022-05-24,0.83120245,0.01816206,1.6075777262449265,1.0,0.13886801898479462,0.4687097,0.0
2022-05-25,0.83143413,0.017131642,1.6000150591135025,1.0,0.1230296641588211,0.4769854,0.0
2022-05-26,0.8369586,0.0081839,1.5888577699661255,1.0,0.11059457063674927,0.4782632,0.0
2022-05-27,0.8495293,0.012000147,1.575037844479084,1.0,0.09894488006830215,0.47609296,0.0
2022-05-30,0.8474782,0.011778008,1.5797673985362053,1.0,0.10902383178472519,0.47074357,0.0
2022-05-31,1.0062052,1.7082351,1.6680411249399185,1.0,0.19033746421337128,0.47770366,0.0
2022-06-01,1.0192233,0.05083507,1.659989058971405,1.0,0.1979755163192749,0.46201354,0.0
2022-06-02,1.0181538,0.0025269035,1.6503575593233109,1.0,0.19746629893779755,0.45289126,0.0
2022-06-06,1.0240387,0.0066416077,1.6462025791406631,1.0,0.16182218492031097,0.4843804,0.0
2022-06-07,1.0124658,0.007193221,1.6332817673683167,1.0,0.1480737328529358,0.48520803,0.0
2022-06-08,1.0223817,0.0044529606,1.661846548318863,1.0,0.16793259978294373,0.49391395,0.0
2022-06-09,1.0152675,0.0046046805,1.6806538552045822,1.0,0.18049292266368866,0.50016093,0.0
2022-06-10,1.0150796,0.009808529,1.682466372847557,1.0,0.16895101964473724,0.51351535,0.0
2022-06-13,1.0199553,0.01535264,1.6762739270925522,1.0,0.17692847549915314,0.49934545,0.0
2022-06-14,1.0260079,0.019659668,1.6931443214416504,1.0,0.18185079097747803,0.51129353,0.0
2022-06-15,1.0320747,0.009942725,1.7074100524187088,1.0,0.18914933502674103,0.5182607,0.0
2022-06-16,1.038753,0.012701955,1.7133135348558426,1.0,0.18897958099842072,0.52433395,0.0
2022-06-17,1.0347261,0.008162923,1.745128646492958,1.0,0.21919222176074982,0.5259364,0.0
2022-06-20,1.0225748,0.024535943,1.7286863327026367,1.0,0.21291208267211914,0.51577425,0.0
2022-06-21,1.0343893,0.009236362,1.695391520857811,1.0,0.18694280087947845,0.5084487,0.0
2022-06-22,1.0438738,0.013430297,1.690612107515335,1.0,0.1855849325656891,0.5050272,0.0
2022-06-23,1.0572538,0.019180695,1.7120745182037354,1.0,0.19831496477127075,0.51375955,0.0
2022-06-24,1.0729247,0.011908427,1.7273990362882614,1.0,0.2149488776922226,0.51245016,0.0
2022-06-27,1.0586246,0.0055055693,1.7040451914072037,1.0,0.19084669649600983,0.5131985,0.0
2022-06-28,1.0785552,0.0072170943,1.7115831524133682,1.0,0.18371786177158356,0.5278653,0.0
2022-06-29,1.0751244,0.010071168,1.7735051214694977,1.0,0.26043757796287537,0.51306754,0.0
2022-06-30,1.0739486,0.00433567,1.7745011150836945,1.0,0.26043757796287537,0.51406354,0.0
2022-07-01,1.0738173,0.083523706,1.8017351925373077,1.0,0.2926870286464691,0.50904816,0.0
2022-07-04,1.0650169,0.0122167915,1.7611058056354523,1.0,0.24821671843528748,0.5128891,0.0
2022-07-05,1.0651282,0.005539162,1.7050637751817703,1.0,0.2027280479669571,0.5023357,0.0
2022-07-06,1.0658535,0.0038843472,1.720069631934166,1.0,0.2086687535047531,0.5114009,0.0
2022-07-07,1.0528673,0.0058043525,1.7523766309022903,1.0,0.24142737686634064,0.51094925,0.0
2022-07-08,1.0408071,0.0057778377,1.7391490638256073,1.0,0.23022493720054626,0.5089241,0.0
2022-07-11,1.0408905,0.0053606983,1.7423227727413177,1.0,0.2526298463344574,0.48969293,0.0
2022-07-12,1.041757,0.005257858,1.7315999269485474,1.0,0.25619423389434814,0.4754057,0.0
2022-07-13,1.0355273,0.0077852644,1.7424605190753937,1.0,0.26858481764793396,0.4738757,0.0
2022-07-14,1.0373491,0.008517455,1.7536755204200745,1.0,0.28250300884246826,0.4711725,0.0
2022-07-15,1.0349555,0.006762851,1.7522128820419312,1.0,0.2875949740409851,0.4646179,0.0
2022-07-18,1.0391263,0.009958396,1.7612747550010681,1.0,0.2784293591976166,0.4828454,0.0
2022-07-19,1.0383531,0.0076171514,1.7608145475387573,1.0,0.27265840768814087,0.48815614,0.0
2022-07-20,1.0358458,0.0053160563,1.7643459141254425,1.0,0.27147024869918823,0.49287567,0.0
2022-07-21,1.0327934,0.0071487613,1.7585936784744263,1.0,0.2753741443157196,0.48321953,0.0
2022-07-22,1.0388808,0.0029266756,1.7853396534919739,1.0,0.2942146360874176,0.49112502,0.0
2022-07-25,1.0333537,0.0036578197,1.7783386707305908,1.0,0.30270132422447205,0.47563735,0.0
2022-07-26,1.036161,0.009041363,1.8143759667873383,1.0,0.3381756842136383,0.47620028,0.0
2022-07-27,1.0229819,0.007048676,1.8193605542182922,1.0,0.3454742431640625,0.4738863,0.0
2022-07-28,1.0295662,0.0045073144,1.7964780926704407,1.0,0.3161102831363678,0.4803678,0.0
2022-07-29,1.0204368,0.0053739045,1.823084533214569,1.0,0.3481900095939636,0.47489452,0.0
2022-08-01,1.021826,0.023114529,1.8655228018760681,1.0,0.3802696466445923,0.48525316,0.0
2022-08-02,1.0308057,0.010848789,1.8594352841377257,1.0,0.4,0.45943528,0.0
2022-08-03,1.0502442,0.0030453037,1.8479381144046783,1.0,0.4,0.4479381,0.0
2022-08-04,1.0459634,0.0039944183,1.8512667655944823,1.0,0.4,0.45126677,0.0
2022-08-05,1.046651,0.0125005245,1.8632966518402099,1.0,0.4,0.46329665,0.0
2022-08-08,1.036823,0.0133854225,1.862482303380966,1.0,0.4,0.4624823,0.0
2022-08-09,1.0502766,0.009262776,1.8166569769382477,1.0,0.323408842086792,0.49324813,0.0
2022-08-10,1.0471612,0.008609446,1.7840831875801086,1.0,0.2833516597747803,0.5007315,0.0
2022-08-11,1.0460775,0.017320797,1.7645180821418762,1.0,0.25551527738571167,0.5090028,0.0
2022-08-12,1.0440414,0.014350001,1.7520250082015991,1.0,0.25924941897392273,0.4927756,0.0
2022-08-15,1.0484401,0.0047938563,1.813097506761551,1.0,0.3210326135158539,0.4920649,0.0
2022-08-16,1.0450289,0.00396082,1.7334722876548767,1.0,0.24414312839508057,0.48932916,0.0
2022-08-17,1.0396855,0.007555466,1.716303065419197,1.0,0.22241716086864471,0.4938859,0.0
2022-08-18,1.0432081,0.009473275,1.705700322985649,1.0,0.21681596338748932,0.48888436,0.0
2022-08-19,1.0391976,0.0072311405,1.7024956792593002,1.0,0.2127423733472824,0.4897533,0.0
2022-08-22,1.0240873,0.0030525085,1.6710090339183807,1.0,0.18422704935073853,0.48678198,0.0
2022-08-23,1.0303013,0.006345732,1.6756524741649628,1.0,0.19475057721138,0.4809019,0.0
2022-08-24,1.0299306,0.013161533,1.6561705768108368,1.0,0.19407159090042114,0.462099,0.0
2022-08-25,1.0158892,0.014071165,1.666635736823082,1.0,0.2110450118780136,0.45559072,0.0
2022-08-26,1.01695,0.0073644146,1.6817782074213028,1.0,0.22122903168201447,0.46054918,0.0
2022-08-29,1.0141295,0.024487304,1.704183965921402,1.0,0.24821671843528748,0.45596725,0.0
2022-08-30,1.0063946,0.012217896,1.703494131565094,1.0,0.2606073021888733,0.44288683,0.0
2022-08-31,1.0050691,0.017004216,1.7207520604133606,1.0,0.27724123001098633,0.44351083,0.0
2022-09-01,0.9990538,0.026881969,1.712196171283722,1.0,0.2755439281463623,0.43665224,0.0
2022-09-02,1.0056356,0.0076715555,1.7502150535583496,1.0,0.3113577365875244,0.43885732,0.0
2022-09-05,1.006557,0.009825306,1.7930833399295807,1.0,0.3544701635837555,0.43861318,0.0
2022-09-06,1.0036385,0.009625437,1.7909707427024841,1.0,0.3444558382034302,0.4465149,0.0
2022-09-07,1.0082269,0.0034036133,1.8084845840930939,1.0,0.33698758482933044,0.471497,0.0
2022-09-08,1.0113108,0.008430524,1.8169916868209839,1.0,0.34021252393722534,0.47677916,0.0
2022-09-09,1.0070479,0.005961217,1.809573620557785,1.0,0.3351204991340637,0.47445312,0.0
2022-09-13,0.99600446,0.006073585,1.8147176504135132,1.0,0.3432677090167999,0.47144994,0.0
2022-09-14,0.9834251,0.004846191,1.831801861524582,1.0,0.3675396740436554,0.4642622,0.0
2022-09-15,0.9818751,0.0054239333,1.8043271601200104,1.0,0.3585437834262848,0.44578338,0.0
2022-09-16,0.98343396,0.011645893,1.7735671997070312,1.0,0.33681783080101013,0.43674937,0.0
2022-09-19,0.97527945,0.003319731,1.8047088384628296,1.0,0.3559977412223816,0.4487111,0.0
2022-09-20,0.96821564,0.0054494217,1.8090188205242157,1.0,0.3619384467601776,0.44708037,0.0
2022-09-21,0.9630364,0.021170784,1.7846424877643585,1.0,0.33715733885765076,0.44748515,0.0
2022-09-22,0.96081257,0.01535828,1.8343265354633331,1.0,0.3789118528366089,0.45541468,0.0
2022-09-23,0.97719765,0.013667952,1.8544401168823241,1.0,0.4,0.45444012,0.0
2022-09-26,0.96614844,0.026792781,1.8512578845024108,1.0,0.4,0.45125788,0.0
2022-09-27,0.966605,0.016886238,1.8457609415054321,1.0,0.3991101384162903,0.4466508,0.0
2022-09-28,0.9597135,0.0034913886,1.826947772502899,1.0,0.4,0.42694777,0.0
2022-09-29,0.9352397,0.005339958,1.8248293042182921,1.0,0.4,0.4248293,0.0
2022-09-30,0.9336076,0.0035586562,1.804344379901886,1.0,0.4,0.40434438,0.0
2022-10-10,0.9447538,0.03326515,1.8133830964565276,1.0,0.4,0.4133831,0.0
2022-10-11,0.9415875,0.0023749936,1.8129063487052917,1.0,0.4,0.41290635,0.0
2022-10-12,0.9570917,0.006328305,1.8359871745109557,1.0,0.4,0.43598717,0.0
2022-10-13,0.9594725,0.0039893556,1.8472031593322753,1.0,0.4,0.44720316,0.0
2022-10-14,0.95593446,0.0079027545,1.8905900061130523,1.0,0.4,0.49059,0.0
2022-10-17,0.943888,0.007516062,1.8934262633323669,1.0,0.4,0.49342626,0.0
2022-10-18,0.9481949,0.0090886615,1.900225007534027,1.0,0.4,0.500225,0.0
2022-10-19,0.9414861,0.015254021,1.8916706085205077,1.0,0.4,0.4916706,0.0
2022-10-20,0.9249401,0.0030684564,1.891964966058731,1.0,0.4,0.49196497,0.0
2022-10-21,0.922763,0.0070651453,1.8810195863246917,1.0,0.4,0.4810196,0.0
2022-10-24,0.9293762,0.0048452467,1.8760888516902923,1.0,0.4,0.47608885,0.0
2022-10-25,0.92167264,0.010686934,1.8763701558113097,1.0,0.4,0.47637016,0.0
2022-10-26,0.90553,0.011071699,1.8842534065246581,1.0,0.4,0.4842534,0.0
2022-10-27,1.0000483,1.6864058,1.88971289396286,1.0,0.4,0.4897129,0.0
2022-10-28,1.0245347,0.004886305,1.8584094583988189,1.0,0.4,0.45840946,0.0
2022-10-31,1.0309931,0.0117026195,1.8574307799339294,1.0,0.4,0.45743078,0.0
2022-11-01,1.0331925,0.0201866,1.8850770831108092,1.0,0.4,0.48507708,0.0
2022-11-02,1.0574467,0.0066926572,1.8684368669986724,1.0,0.4,0.46843687,0.0
2022-11-03,1.0567219,0.013886863,1.884060764312744,1.0,0.4,0.48406076,0.0
2022-11-04,1.0476073,0.016147813,1.9406134724617004,1.0,0.4,0.5406135,0.0
2022-11-07,1.0394344,0.0063403733,1.9392881631851195,1.0,0.4,0.53928816,0.0
2022-11-08,1.0351129,0.0029259194,1.932323658466339,1.0,0.4,0.53232366,0.0
2022-11-09,1.0500298,0.0071175676,1.9322393178939818,1.0,0.4,0.5322393,0.0
2022-11-10,1.0474192,0.003479652,1.9229347348213195,1.0,0.4,0.52293473,0.0
2022-11-11,1.0732163,0.017758222,1.908833646774292,1.0,0.4,0.50883365,0.0
2022-11-14,1.0655138,0.009342231,1.894877904653549,1.0,0.4,0.4948779,0.0
2022-11-15,1.0710168,0.012418279,1.8993109107017516,1.0,0.4,0.4993109,0.0
2022-11-16,1.0618912,0.0084874425,1.8680492639541626,1.0,0.375620573759079,0.4924287,0.0
2022-11-17,1.0539869,0.002491653,1.8565554022789001,1.0,0.35711869597435,0.4994367,0.0
2022-11-18,1.0483345,0.006885454,1.89599352478981,1.0,0.4,0.49599352,0.0
2022-11-21,1.0465306,0.0099101905,1.9081181526184081,1.0,0.4,0.50811815,0.0
2022-11-22,1.0424788,0.009631043,1.8841753840446471,1.0,0.4,0.48417538,0.0
2022-11-23,1.039603,0.0061171073,1.881919378042221,1.0,0.4,0.48191938,0.0
2022-11-24,1.0327502,0.011601651,1.873278135061264,1.0,0.4,0.47327814,0.0
2022-11-25,1.050893,0.009100916,1.8714829921722411,1.0,0.4,0.471483,0.0
2022-11-28,1.0499209,0.008822732,1.8442455172538756,1.0,0.4,0.44424552,0.0
2022-11-29,1.0648253,0.011955965,1.8644147753715514,1.0,0.4,0.46441478,0.0
2022-11-30,1.063914,0.0076107755,1.855557644367218,1.0,0.4,0.45555764,0.0
2022-12-01,1.0728792,0.047754794,1.860736036300659,1.0,0.4,0.46073604,0.0
2022-12-02,1.0823207,0.009600179,1.8665842056274413,1.0,0.4,0.4665842,0.0
2022-12-05,1.0810242,0.00846028,1.8961943626403808,1.0,0.4,0.49619436,0.0
2022-12-06,1.0761933,0.012013795,1.8866489768028258,1.0,0.4,0.48664898,0.0
2022-12-07,1.0861516,0.0039589535,1.903255248069763,1.0,0.4,0.50325525,0.0
2022-12-08,1.0852143,0.007825669,1.9002769231796264,1.0,0.4,0.5002769,0.0
2022-12-09,1.0837654,0.0061826278,1.9072251558303832,1.0,0.4,0.50722516,0.0
2022-12-12,1.0889081,0.013519477,1.8955934584140777,1.0,0.4,0.49559346,0.0
2022-12-13,1.089405,0.0041209776,1.6814769059419632,1.0,0.18863309919834137,0.4928438,0.0
2022-12-14,1.0846173,0.00828612,1.8036873042583466,1.0,0.3248387575149536,0.47884855,0.0
2022-12-15,1.0708219,0.010438126,1.872758835554123,1.0,0.3834937810897827,0.48926505,0.0
2022-12-16,1.0579016,0.0064073037,1.878914827108383,1.0,0.4,0.47891483,0.0
2022-12-19,1.0568991,0.008629961,1.8523183703422545,1.0,0.4,0.45231837,0.0
2022-12-20,1.0579585,0.0034349095,1.8520343840122222,1.0,0.4,0.45203438,0.0
2022-12-21,1.0530603,0.002750866,1.847598397731781,1.0,0.4,0.4475984,0.0
2022-12-22,1.058414,0.0058099013,1.823008918762207,1.0,0.4,0.42300892,0.0
2022-12-23,1.0698961,0.004890522,1.822506809234619,1.0,0.4,0.4225068,0.0
2022-12-26,1.0649506,0.010536969,1.8469610154628753,1.0,0.4,0.44696102,0.0
2022-12-27,1.0605056,0.0039849672,1.8498080313205718,1.0,0.4,0.44980803,0.0
2022-12-28,1.0650734,0.0034894831,1.808604508638382,1.0,0.3555440604686737,0.45306045,0.0
2022-12-29,1.0650926,0.0055342596,1.86840763092041,1.0,0.4,0.46840763,0.0
2022-12-30,1.0633842,0.0041466374,1.8629299640655517,1.0,0.4,0.46292996,0.0
2023-01-03,1.0788592,0.030771127,1.8645098745822906,1.0,0.4,0.46450987,0.0
2023-01-04,1.0787765,0.0045953747,1.8650796949863433,1.0,0.4,0.4650797,0.0
2023-01-05,1.0862335,0.013704525,1.8863900542259215,1.0,0.4,0.48639005,0.0
2023-01-06,1.0902433,0.0063614137,1.8721411168575286,1.0,0.4,0.47214112,0.0
2023-01-09,1.0853318,0.0077219345,1.9074560046195983,1.0,0.4,0.507456,0.0
2023-01-10,1.0829287,0.008595085,1.8916700422763824,1.0,0.4,0.49167004,0.0
2023-01-11,1.0940981,0.007517297,1.8864626824855804,1.0,0.4,0.48646268,0.0
2023-01-12,1.1089517,0.007064583,1.8738585352897643,1.0,0.4,0.47385854,0.0
2023-01-13,1.1126027,0.004468696,1.8727799296379088,1.0,0.4,0.47277993,0.0
2023-01-16,1.1088872,0.009420449,1.8655329287052154,1.0,0.4,0.46553293,0.0
2023-01-17,1.1161661,0.005062027,1.8556460976600646,1.0,0.4,0.4556461,0.0
2023-01-18,1.1189975,0.0048560053,1.846536600589752,1.0,0.4,0.4465366,0.0
2023-01-19,1.1231012,0.0056653637,1.8484504163265227,1.0,0.4,0.44845042,0.0
2023-01-20,1.1078426,0.0074636936,1.7996262848377227,1.0,0.4,0.39962628,0.0
2023-01-30,1.1176766,0.010698168,1.863388979434967,1.0,0.4,0.46338898,0.0
2023-01-31,1.1235582,0.0061518103,1.883102798461914,1.0,0.4,0.4831028,0.0
2023-02-01,1.1183783,0.06764462,1.9273014903068542,1.0,0.4,0.5273015,0.0
2023-02-02,1.1057966,0.0082729235,1.9500282645225524,1.0,0.4,0.55002826,0.0
2023-02-03,1.1047305,0.008886183,2.0106292009353637,1.0,0.4,0.6106292,0.0
2023-02-06,1.0979711,0.018420849,1.9668079257011413,1.0,0.4,0.5668079,0.0
2023-02-07,1.1186419,0.0018506665,1.9707711577415465,1.0,0.4,0.57077116,0.0
2023-02-08,1.1160825,0.013003271,1.9095709919929504,1.0,0.36499178409576416,0.5445792,0.0
2023-02-09,1.1248926,0.011603968,1.9434457421302795,1.0,0.39530348777770996,0.54814225,0.0
2023-02-10,1.122798,0.012370829,1.9278773307800292,1.0,0.4,0.52787733,0.0
2023-02-13,1.1220424,0.011387948,1.931262993812561,1.0,0.4,0.531263,0.0
2023-02-14,1.1121244,0.00475554,1.9231767892837524,1.0,0.4,0.5231768,0.0
2023-02-15,1.0978694,0.006581502,1.9285449981689453,1.0,0.3984527587890625,0.53009224,0.0
2023-02-16,1.1120428,0.008369729,1.8952994048595428,1.0,0.38664302229881287,0.5086564,0.0
2023-02-17,1.1098186,0.009880761,1.8587080836296082,1.0,0.3590869903564453,0.4996211,0.0
2023-02-20,1.1075997,0.014471056,1.8106417953968048,1.0,0.30476221442222595,0.5058796,0.0
2023-02-21,1.1044221,0.0067419466,1.7862373888492584,1.0,0.28783488273620605,0.4984025,0.0
2023-02-22,1.0983069,0.0034287944,1.810407966375351,1.0,0.31854018568992615,0.49186778,0.0
2023-02-23,1.0941825,0.0019274056,1.7944413423538208,1.0,0.29019683599472046,0.5042445,0.0
2023-02-24,1.0982273,0.002822591,1.7738693356513977,1.0,0.2638217806816101,0.51004755,0.0
2023-02-27,1.105516,0.0080752,1.737192988395691,1.0,0.251618355512619,0.48557463,0.0
2023-02-28,1.100823,0.0034660213,1.7147744596004486,1.0,0.2346910834312439,0.48008338,0.0
2023-03-01,1.1075133,0.016046712,1.7875924408435822,1.0,0.29885733127593994,0.4887351,0.0
2023-03-02,1.1068181,0.0018640012,1.8096059262752533,1.0,0.323657751083374,0.48594818,0.0
2023-03-03,1.0895166,0.0035549179,1.8223104774951935,1.0,0.33192455768585205,0.49038592,0.0
2023-03-06,1.0876796,0.004518414,1.8319923281669617,1.0,0.3216894865036011,0.51030284,0.0
2023-03-07,1.0896462,0.010488408,1.8397153615951538,1.0,0.3425533175468445,0.49716204,0.0
2023-03-08,1.0806813,0.017554957,1.8366164863109589,1.0,0.35003283619880676,0.48658365,0.0
2023-03-09,1.0882542,0.0028954092,1.8253633677959442,1.0,0.33153092861175537,0.49383244,0.0
2023-03-10,1.0955161,0.0066393856,1.7857741713523865,1.0,0.30830511450767517,0.47746906,0.0
2023-03-13,1.0930729,0.009460986,1.7788297533988953,1.0,0.3094860911369324,0.46934366,0.0
2023-03-14,1.0856017,0.01115966,1.799748718738556,1.0,0.3149973154067993,0.4847514,0.0
2023-03-15,1.0893966,0.001352312,1.793593555688858,1.0,0.30987975001335144,0.4837138,0.0
2023-03-16,1.0908489,0.006398551,1.7707626223564148,1.0,0.3031875491142273,0.46757507,0.0
2023-03-17,1.0981246,0.013819547,1.8588283360004425,1.0,0.3669601380825043,0.4918682,0.0
2023-03-20,1.0992949,0.008135792,1.8895513653755187,1.0,0.4,0.48955137,0.0
2023-03-21,1.1151596,0.008997096,1.8948324561119079,1.0,0.4,0.49483246,0.0
2023-03-22,1.1128997,0.0012940373,1.8964992761611938,1.0,0.3901859521865845,0.5063133,0.0
2023-03-23,1.1054966,0.017868973,1.9309514999389648,1.0,0.4,0.5309515,0.0
2023-03-24,0.9956629,1.6328294,1.8031858503818512,1.0,0.25281229615211487,0.55037355,0.0
2023-03-27,1.0041039,0.006940188,1.772215113043785,1.0,0.20710395276546478,0.56511116,0.0
2023-03-28,1.0117986,0.0036932416,1.7378287613391876,1.0,0.17729416489601135,0.5605346,0.0
2023-03-29,1.0158136,0.0022221971,1.7342226058244705,1.0,0.18643583357334137,0.5477868,0.0
2023-03-30,1.0291446,0.0039954726,1.745246782898903,1.0,0.21266843378543854,0.53257835,0.0
2023-03-31,1.0364159,0.006695593,1.7749366164207458,1.0,0.25758183002471924,0.5173548,0.0
2023-04-03,1.0419044,0.026156172,1.7779253721237183,1.0,0.2516198754310608,0.5263055,0.0
2023-04-04,1.0445638,0.0118803885,1.7553254812955856,1.0,0.23095177114009857,0.5243737,0.0
2023-04-06,1.0329847,0.017179377,1.7631401121616364,1.0,0.21425828337669373,0.5488818,0.0
2023-04-07,1.0296454,0.008050216,1.7146649658679962,1.0,0.16696009039878845,0.5477049,0.0
2023-04-10,1.029004,0.009216938,1.7136317938566208,1.0,0.15662603080272675,0.55700576,0.0
2023-04-11,1.0181159,0.0050886218,1.5969064980745316,1.0,0.06481190025806427,0.5320946,0.0
2023-04-12,1.0296162,0.010836966,1.6199001669883728,1.0,0.07395356893539429,0.5459466,0.0
2023-04-13,1.0330521,0.0071362276,1.6312836110591888,1.0,0.10773798823356628,0.5235456,0.0
2023-04-14,1.0303893,0.0033992324,1.6274841129779816,1.0,0.09740391373634338,0.5300802,0.0
2023-04-17,1.0262299,0.003636891,1.6807428449392319,1.0,0.14191989600658417,0.53882295,0.0
2023-04-18,1.0280402,0.0054179374,1.6608230918645859,1.0,0.12085430324077606,0.5399688,0.0
2023-04-19,1.0090795,0.0017763842,1.6485628336668015,1.0,0.12323908507823944,0.52532375,0.0
2023-04-20,0.9948171,0.0013561677,1.6628468558192253,1.0,0.12125175446271896,0.5415951,0.0
2023-04-21,0.9906492,0.010213859,1.6035912111401558,1.0,0.0954166129231453,0.5081746,0.0
2023-04-24,0.9835458,0.007340705,1.561250813305378,1.0,0.060042329132556915,0.5012085,0.0
2023-04-25,0.98794246,0.0065772235,1.5291690900921822,1.0,0.05527276545763016,0.47389632,0.0
2023-04-26,0.9959486,0.013555769,1.5269680842757225,1.0,0.06918399780988693,0.4577841,0.0
2023-04-27,0.9869411,0.00499429,1.5683742463588715,1.0,0.14152240753173828,0.42685184,0.0
2023-04-28,0.98663884,0.021700047,1.5393004938960075,1.0,0.11052023619413376,0.42878026,0.0
2023-05-04,0.9863345,0.016843926,1.5413848310709,1.0,0.09024958312511444,0.45113525,0.0
2023-05-05,0.97984505,0.0056230687,1.6022872626781464,1.0,0.1395350992679596,0.46275216,0.0
2023-05-08,0.9745278,0.009092379,1.6005355417728424,1.0,0.1065455973148346,0.49398994,0.0
2023-05-09,0.9750015,0.0006840285,1.6070603802800179,1.0,0.09183944016695023,0.51522094,0.0
2023-05-10,0.96763533,0.0031746216,1.6629299372434616,1.0,0.11886696517467499,0.544063,0.0
2023-05-11,0.9749529,0.0031108204,1.6500927954912186,1.0,0.13715030252933502,0.5129425,0.0
2023-05-12,0.9746824,0.0064157825,1.669555202126503,1.0,0.1602032333612442,0.50935197,0.0
2023-05-15,0.9721162,0.002381919,1.6267843395471573,1.0,0.12522639334201813,0.50155795,0.0
2023-05-16,0.96978575,0.008615145,1.5628851503133774,1.0,0.06958146393299103,0.4933037,0.0
2023-05-17,0.9766104,0.007987471,1.5765070915222168,1.0,0.08110791444778442,0.49539918,0.0
2023-05-18,0.98031926,0.0041200016,1.5693718120455742,1.0,0.06322204321622849,0.50614977,0.0
2023-05-19,0.9701409,0.005427379,1.6516046524047852,1.0,0.1403300166130066,0.51127464,0.0
2023-05-22,0.9630821,0.008184072,1.7446181774139404,1.0,0.24247819185256958,0.50214,0.0
2023-05-23,0.9631023,0.0031486936,1.7816810607910156,1.0,0.2925586700439453,0.4891224,0.0
2023-05-24,0.9658558,0.0036268514,1.7392450869083405,1.0,0.24844017624855042,0.4908049,0.0
2023-05-25,0.9641624,0.0022238512,1.7222591936588287,1.0,0.24685034155845642,0.47540885,0.0
2023-05-26,0.96232396,0.0060301516,1.7989614605903625,1.0,0.3156115710735321,0.4833499,0.0
2023-05-29,0.9575125,0.007449575,1.7746004462242126,1.0,0.27824997901916504,0.49635047,0.0
2023-05-30,0.95951974,0.0035185665,1.8633858263492584,1.0,0.35496053099632263,0.5084253,0.0
2023-05-31,0.9662581,0.0154456515,1.9082827806472777,1.0,0.4,0.5082828,0.0
2023-06-01,0.9625264,0.020969884,1.9136330723762511,1.0,0.4,0.5136331,0.0
2023-06-02,0.95285046,0.0073459297,1.9073978900909423,1.0,0.4,0.5073979,0.0
2023-06-05,0.9511502,0.0040152725,1.9027454495429992,1.0,0.4,0.50274545,0.0
2023-06-06,0.9506273,0.0028131455,1.8833503663539886,1.0,0.4,0.48335037,0.0
2023-06-07,0.9539416,0.0015785564,1.8806165695190429,1.0,0.4,0.48061657,0.0
2023-06-08,0.9610464,0.007668307,1.8716097712516784,1.0,0.4,0.47160977,0.0
2023-06-09,0.9702276,0.0074033793,1.8818089008331298,1.0,0.4,0.4818089,0.0
2023-06-12,0.9742003,0.006447682,1.8834451675415038,1.0,0.4,0.48344517,0.0
2023-06-13,0.9801412,0.005753126,1.858564704656601,1.0,0.35496053099632263,0.5036042,0.0
2023-06-14,0.9846227,0.00795869,1.8177213370800018,1.0,0.3132267892360687,0.50449455,0.0
2023-06-15,0.9804432,0.011168901,1.823495477437973,1.0,0.3036876618862152,0.5198078,0.0
2023-06-16,0.9773688,0.013066657,1.7627870589494705,1.0,0.24088837206363678,0.5218987,0.0
2023-06-19,0.96222913,0.011969287,1.856970727443695,1.0,0.33031773567199707,0.526653,0.0
2023-06-20,0.9532838,0.0065548755,1.8737083077430725,1.0,0.3382670283317566,0.5354413,0.0
2023-06-21,0.95587194,0.008136133,1.8582156300544739,1.0,0.35615283250808716,0.5020628,0.0
2023-06-26,0.95658505,0.0036338493,1.8605534136295319,1.0,0.3728463351726532,0.48770708,0.0
2023-06-27,0.95170903,0.0048304144,1.8080931901931763,1.0,0.32356083393096924,0.48453236,0.0
2023-06-28,0.9563717,0.0070968233,1.784280151128769,1.0,0.33031773567199707,0.45396242,0.0
2023-06-29,0.9643611,0.0027570445,1.7967484295368195,1.0,0.3489985167980194,0.4477499,0.0
2023-06-30,0.97090554,0.007323982,1.8484446704387665,1.0,0.3744361996650696,0.47400847,0.0
2023-07-03,0.96275014,0.014201514,1.8952780604362487,1.0,0.4,0.49527806,0.0
2023-07-04,0.9590659,0.0061017424,1.9040566325187682,1.0,0.4,0.50405663,0.0
2023-07-05,0.9555277,0.0056555104,1.9188020467758178,1.0,0.4,0.51880205,0.0
2023-07-06,0.95791614,0.0033041406,1.918253982067108,1.0,0.4,0.518254,0.0
2023-07-07,0.9644621,0.0016995184,1.9142472982406615,1.0,0.4,0.5142473,0.0
2023-07-10,0.9583911,0.0033567548,1.9096682906150817,1.0,0.4,0.5096683,0.0
2023-07-11,0.97211343,0.0018296689,1.903175377845764,1.0,0.4,0.5031754,0.0
2023-07-12,0.9707598,0.0034066867,1.8647288978099823,1.0,0.3760260343551636,0.48870286,0.0
2023-07-13,0.96683663,0.011387186,1.8717375993728638,1.0,0.3815905451774597,0.49014705,0.0
2023-07-14,0.9644282,0.008689713,1.8947202801704406,1.0,0.4,0.49472028,0.0
2023-07-17,0.96170384,0.0020360872,1.8966379106044768,1.0,0.4,0.4966379,0.0
2023-07-18,0.9565329,0.006695768,1.884844422340393,1.0,0.3955017328262329,0.4893427,0.0
2023-07-19,0.96040666,0.007087767,1.9012191534042358,1.0,0.4,0.50121915,0.0
2023-07-20,0.9543139,0.009066882,1.8880404472351073,1.0,0.4,0.48804045,0.0
2023-07-21,0.97105545,0.017882524,1.8532615005970001,1.0,0.3760260343551636,0.47723547,0.0
2023-07-24,0.9703978,0.011574097,1.775811344385147,1.0,0.3080597519874573,0.4677516,0.0
2023-07-25,0.9693971,0.01575327,1.8574017584323883,1.0,0.3748336732387543,0.4825681,0.0
2023-07-26,0.9806217,0.011168422,1.8161708414554596,1.0,0.34422898292541504,0.47194186,0.0
2023-07-27,0.9860608,0.0018081255,1.884806901216507,1.0,0.39907896518707275,0.48572794,0.0
2023-07-28,0.98195815,0.0045109056,1.9027610659599303,1.0,0.4,0.50276107,0.0
2023-07-31,0.97939545,0.009827089,1.9138359725475311,1.0,0.3931170403957367,0.52071893,0.0
2023-08-01,0.98361313,0.014020028,1.919428789615631,1.0,0.4,0.5194288,0.0
2023-08-02,0.9836931,0.008769564,1.9262311697006225,1.0,0.4,0.52623117,0.0
2023-08-03,0.97811764,0.0043997727,1.941988968849182,1.0,0.4,0.54198897,0.0
2023-08-04,0.9765677,0.0062844567,1.95215847492218,1.0,0.4,0.5521585,0.0
2023-08-07,0.9736839,0.0054525454,1.9417906641960143,1.0,0.4,0.54179066,0.0
2023-08-08,0.973975,0.0014535673,1.9327279567718505,1.0,0.4,0.53272796,0.0
2023-08-09,0.9592284,0.0051723197,1.9191282033920287,1.0,0.4,0.5191282,0.0
2023-08-10,0.95277566,0.0040075444,1.9026182293891907,1.0,0.3947068452835083,0.5079114,0.0
2023-08-11,0.94747555,0.008563582,1.857383668422699,1.0,0.37721842527389526,0.48016524,0.0
2023-08-14,0.94043,0.0037676953,1.7998400926589966,1.0,0.33111268281936646,0.4687274,0.0
2023-08-15,0.94735533,0.009911293,1.7055986523628235,1.0,0.2400934398174286,0.4655052,0.0
2023-08-16,0.9367918,0.00375152,1.6925844252109528,1.0,0.22339996695518494,0.46918446,0.0
2023-08-17,0.92992383,0.0043977257,1.6657410264015198,1.0,0.18484598398208618,0.48089504,0.0
2023-08-18,0.93327266,0.005932497,1.6783299297094345,1.0,0.19915466010570526,0.47917527,0.0
2023-08-21,0.98738015,1.6313034,1.5103942342102528,1.0,0.02543528750538826,0.48495895,0.0
2023-08-22,0.99726844,0.0074574966,1.5429466143250465,1.0,0.05151195079088211,0.49143466,0.0
2023-08-23,0.99161446,0.006620705,1.5062769372016191,1.0,0.02083352394402027,0.4854434,0.0
2023-08-24,0.9968729,0.0038851686,1.5204003006219864,1.0,0.0386270135641098,0.4817733,0.0
2023-08-25,1.0089115,0.005879525,1.4672442376613617,1.0,0.0,0.46724424,0.0
2023-08-28,1.013229,0.010558091,1.4907895028591156,1.0,0.0,0.4907895,0.0
2023-08-29,1.0112796,0.0028629228,1.5055137872695923,1.0,0.0,0.5055138,0.0
2023-08-30,1.014548,0.007531654,1.521167814731598,1.0,0.0,0.5211678,0.0
2023-08-31,1.0260023,0.0056397133,1.5165260434150696,1.0,0.0,0.51652604,0.0
2023-09-01,1.0208662,0.003304882,1.5316103100776672,1.0,0.0,0.5316103,0.0
2023-09-04,1.0226909,0.0039914213,1.5250414609909058,1.0,0.0,0.52504146,0.0
2023-09-05,1.0078455,0.008193189,1.5079654773580842,1.0,0.0008925517904572189,0.5070729,0.0
2023-09-06,1.0060169,0.0019044857,1.511893093585968,1.0,0.0,0.5118931,0.0
2023-09-07,1.0106359,0.008021349,1.5045984983444214,1.0,0.0,0.5045985,0.0
2023-09-08,1.0091482,0.005231943,1.5074257850646973,1.0,0.0,0.5074258,0.0
2023-09-11,1.0043912,0.007383585,1.5687687993049622,1.0,0.0,0.5687688,0.0
2023-09-12,1.0015607,0.0022468753,1.5837093591690063,1.0,0.0,0.58370936,0.0
2023-09-13,0.9998553,0.00048073567,1.5843724012374878,1.0,0.0,0.5843724,0.0
2023-09-14,0.99964243,0.0049201213,1.5990103483200073,1.0,0.0,0.59901035,0.0
2023-09-15,0.99789584,0.0024849083,1.6139358282089233,1.0,0.0,0.6139358,0.0
2023-09-18,0.9935379,0.0047482606,1.5548331141471863,1.0,0.0,0.5548331,0.0
2023-09-19,0.9854095,0.0025549252,1.5306342840194702,1.0,0.0,0.5306343,0.0
2023-09-20,0.9994167,0.0030553099,1.5164002180099487,1.0,0.0,0.5164002,0.0
2023-09-21,0.99378604,0.06666778,1.2477269172668457,1.0,0.0,0.24772692,0.0
2023-09-22,0.9888991,0.003127925,1.2531129717826843,1.0,0.0,0.25311297,0.0
2023-09-25,0.99093395,0.006772574,1.2460371553897858,1.0,0.0,0.24603716,0.0
2023-09-26,0.98865426,0.0038967691,1.2468313723802567,1.0,0.0,0.24683137,0.0
2023-09-27,0.98677987,0.0023446716,1.2505210041999817,1.0,0.0,0.250521,0.0
2023-09-28,0.98614496,0.10094382,1.7474239468574524,1.0,0.0,0.74742395,0.0
2023-10-09,0.9891945,0.0050629806,1.746300995349884,1.0,0.0,0.746301,0.0
2023-10-10,0.9933213,0.005222572,1.7472070455551147,1.0,0.0,0.74720705,0.0
2023-10-11,0.98635924,0.0041106883,1.7495218515396118,1.0,0.0,0.74952185,0.0
2023-10-12,0.9744359,0.0075130146,1.75271338224411,1.0,0.0,0.7527134,0.0
2023-10-13,0.9784571,0.08938938,1.5890849828720093,1.0,0.0,0.589085,0.0
2023-10-16,0.97368354,0.007571595,1.563823401927948,1.0,0.0,0.5638234,0.0
2023-10-17,0.96086526,0.008451104,1.5476444363594055,1.0,0.0,0.54764444,0.0
2023-10-18,0.955407,0.005553255,1.5252208709716797,1.0,0.0,0.5252209,0.0
2023-10-19,0.9481002,0.004236836,1.5020514726638794,1.0,0.0,0.5020515,0.0
2023-10-20,0.95256853,0.006848324,1.4976542592048645,1.0,0.0,0.49765426,0.0
2023-10-23,0.9604482,0.0068518147,1.484275907278061,1.0,0.0,0.4842759,0.0
2023-10-24,0.96444166,0.0031540599,1.4895759224891663,1.0,0.0,0.48957592,0.0
2023-10-25,0.9780744,0.003608819,1.4992663264274597,1.0,0.0,0.49926633,0.0
2023-10-26,0.99046826,0.0014528558,1.5035194754600525,1.0,0.0,0.5035195,0.0
2023-10-27,0.99138826,0.0036571678,1.5158514976501465,1.0,0.0,0.5158515,0.0
2023-10-30,0.9935731,0.009137079,1.5437061190605164,1.0,0.0,0.5437061,0.0
2023-10-31,0.98732865,0.002289908,1.5395118594169617,1.0,0.0,0.53951186,0.0
2023-11-01,0.9955273,0.0056996625,1.5436096787452698,1.0,0.0,0.5436097,0.0
2023-11-02,1.0019828,0.0030709468,1.534777045249939,1.0,0.0,0.53477705,0.0
2023-11-03,1.0005159,0.0005358346,1.529135823249817,1.0,0.0,0.5291358,0.0
2023-11-06,0.9995309,0.004652694,1.5280400514602661,1.0,0.0,0.52804005,0.0
2023-11-07,0.997159,0.008501815,1.5335343480110168,1.0,0.0,0.53353435,0.0
2023-11-08,0.99266523,0.008294389,1.5472241640090942,1.0,0.0,0.54722416,0.0
2023-11-09,0.9915522,0.009064324,1.5589074492454529,1.0,0.0,0.55890745,0.0
2023-11-10,0.9939265,0.0033084955,1.5653667449951172,1.0,0.0,0.56536674,0.0
2023-11-13,0.99631387,0.0034804624,1.5553475618362427,1.0,0.0,0.55534756,0.0
2023-11-14,0.98756945,0.0035504736,1.5552188754081726,1.0,0.0,0.5552189,0.0
2023-11-15,0.9871707,0.006999597,1.5524471998214722,1.0,0.0,0.5524472,0.0
2023-11-16,0.9883471,0.0023971312,1.5496639013290405,1.0,0.0,0.5496639,0.0
2023-11-17,0.9904993,0.0022664908,1.5491271615028381,1.0,0.0,0.54912716,0.0
2023-11-20,0.9830403,0.005879184,1.5563021898269653,1.0,0.0,0.5563022,0.0
2023-11-21,0.98553205,0.0073721,1.5404803156852722,1.0,0.0,0.5404803,0.0
2023-11-22,0.9817529,0.0045565497,1.524566113948822,1.0,0.0,0.5245661,0.0
2023-11-23,0.9803439,0.005471049,1.533111572265625,1.0,0.0,0.5331116,0.0
2023-11-24,0.9796207,0.0034066197,1.5159098505973816,1.0,0.0,0.51590985,0.0
2023-11-27,0.9773264,0.00713055,1.5028826594352722,1.0,0.0,0.50288266,0.0
2023-11-28,0.9792384,0.0023386274,1.5052599906921387,1.0,0.0,0.50526,0.0
2023-11-29,0.97508305,0.002747994,1.5072738528251648,1.0,0.0,0.50727385,0.0
2023-11-30,0.9699201,0.0042802542,1.50222909450531,1.0,0.0,0.5022291,0.0
2023-12-01,0.9543792,0.009279462,1.506725788116455,1.0,0.0,0.5067258,0.0
2023-12-04,0.95724964,0.009536913,1.5051461458206177,1.0,0.0,0.50514615,0.0
2023-12-05,0.9533256,0.009665899,1.4964984059333801,1.0,0.0,0.4964984,0.0
2023-12-06,0.9573905,0.005126441,1.4978644251823425,1.0,0.0,0.49786443,0.0
2023-12-07,0.9612128,0.0036024544,1.5068367719650269,1.0,0.0,0.5068368,0.0
2023-12-08,0.96187216,0.0024822708,1.503448724746704,1.0,0.0,0.5034487,0.0
2023-12-11,0.94802403,0.006573893,1.51097172498703,1.0,0.0,0.5109717,0.0
2023-12-12,0.94277024,0.002662627,1.5210686326026917,1.0,0.0,0.52106863,0.0
2023-12-13,0.9421799,0.004505258,1.5208792686462402,1.0,0.0,0.52087927,0.0
2023-12-14,0.93804383,0.008873006,1.5177567601203918,1.0,0.0,0.51775676,0.0
2023-12-15,0.93991745,0.0023326874,1.5155888795852661,1.0,0.0,0.5155889,0.0
2023-12-18,0.9319978,0.0071803275,1.500765323638916,1.0,0.0,0.5007653,0.0
2023-12-19,0.93981266,0.0023201108,1.493641048669815,1.0,0.0,0.49364105,0.0
2023-12-20,0.9393006,0.0033809599,1.4771831631660461,1.0,0.0,0.47718316,0.0
2023-12-21,0.9400069,0.0023588128,1.488417536020279,1.0,0.0,0.48841754,0.0
2023-12-22,0.9331045,0.0029180683,1.4710734486579895,1.0,0.0,0.47107345,0.0
2023-12-25,0.9388317,0.002533717,1.47996324300766,1.0,0.0,0.47996324,0.0
2023-12-26,0.9566512,0.0070972573,1.4719503819942474,1.0,0.0,0.47195038,0.0
2023-12-27,0.9571232,0.003572913,1.4929969310760498,1.0,0.0,0.49299693,0.0
2023-12-28,0.94730294,0.007957365,1.5028181076049805,1.0,0.0,0.5028181,0.0
2023-12-29,0.940715,0.0034768041,1.49784517288208,1.0,0.0,0.49784517,0.0
2024-01-02,0.9310819,0.046694815,1.5063165426254272,1.0,0.0,0.50631654,0.0
2024-01-03,0.9261981,0.0031900425,1.5183097124099731,1.0,0.0,0.5183097,0.0
2024-01-04,0.9116733,0.0017061345,1.51646488904953,1.0,0.0,0.5164649,0.0
2024-01-05,0.9137164,0.0070876386,1.4861726760864258,1.0,0.0,0.48617268,0.0
2024-01-08,0.9112895,0.0034580156,1.500792145729065,1.0,0.0,0.50079215,0.0
2024-01-09,0.9168505,0.002290994,1.4859121441841125,1.0,0.0,0.48591214,0.0
2024-01-10,0.91083705,0.0036773868,1.4769519865512848,1.0,0.0,0.476952,0.0
2024-01-11,0.9097031,0.0053145085,1.477980524301529,1.0,0.0,0.47798052,0.0
2024-01-12,0.91245866,0.004840471,1.4835503697395325,1.0,0.0,0.48355037,0.0
2024-01-15,0.896425,0.0025050715,1.4873830676078796,1.0,0.0,0.48738307,0.0
2024-01-16,0.9031489,0.003562564,1.4873804152011871,1.0,0.0,0.48738042,0.0
2024-01-17,0.999187,1.6769855,1.483705848455429,1.0,0.0,0.48370585,0.0
2024-01-18,0.98103887,0.017659795,1.4723452627658844,1.0,0.0,0.47234526,0.0
2024-01-19,0.9844595,0.009179588,1.4644282758235931,1.0,0.0,0.46442828,0.0
2024-01-22,0.9882864,0.013649572,1.4211625456809998,1.0,0.0,0.42116255,0.0
2024-01-23,1.0009595,0.0013748072,1.4195490777492523,1.0,0.0,0.41954908,0.0
2024-01-24,0.99267584,0.012991082,1.4210489690303802,1.0,0.0,0.42104897,0.0
2024-01-25,0.9862675,0.01817336,1.4514303803443909,1.0,0.0,0.45143038,0.0
2024-01-26,0.96615666,0.010115288,1.4547714591026306,1.0,0.0,0.45477146,0.0
2024-01-29,0.95819706,0.012011902,1.4867616593837738,1.0,0.0,0.48676166,0.0
2024-01-30,0.96122885,0.007159969,1.4706533551216125,1.0,0.0,0.47065336,0.0
2024-01-31,0.94984776,0.017135382,1.4177330136299133,1.0,0.0,0.417733,0.0
2024-02-01,0.9516044,0.055752635,1.371009349822998,1.0,0.0,0.37100935,0.0
2024-02-02,0.98543996,0.0140623525,1.3021551072597504,1.0,0.0,0.3021551,0.0
2024-02-05,0.99850124,0.013144253,1.2501160502433777,1.0,0.0,0.25011605,0.0
2024-02-06,1.0079889,0.020689508,1.255092293024063,1.0,0.0,0.2550923,0.0
2024-02-07,1.0154971,0.0186241,1.250322550535202,1.0,0.0,0.25032255,0.0
2024-02-08,1.0122612,0.015356196,1.2498417645692825,1.0,0.0,0.24984176,0.0
2024-02-19,1.0254726,0.14311849,1.258651077747345,1.0,0.0,0.25865108,0.0
2024-02-20,1.0310559,0.00030593574,1.3931615948677063,1.0,0.0,0.3931616,0.0
2024-02-21,1.0324175,6.868318e-05,1.4602717459201813,1.0,0.0,0.46027175,0.0
2024-02-22,1.0284098,0.0004869923,1.5352298617362976,1.0,0.0,0.53522986,0.0
2024-02-23,1.0415053,0.023537144,1.6152552366256714,1.0,0.0,0.61525524,0.0
2024-02-26,1.0280569,0.00016728789,1.5963512659072876,1.0,0.0,0.59635127,0.0
2024-02-27,1.0498378,0.0036786608,1.6195536255836487,1.0,0.0,0.6195536,0.0
2024-02-28,1.0537661,0.0046322457,1.6068430542945862,1.0,0.0,0.60684305,0.0
2024-02-29,1.0530047,0.0055282637,1.6117017269134521,1.0,0.0,0.6117017,0.0
2024-03-01,1.0594535,0.0007665381,1.596110463142395,1.0,0.0,0.59611046,0.0
2024-03-04,1.0528798,0.00016237423,1.5980451703071594,1.0,0.0,0.5980452,0.0
2024-03-05,1.0461584,0.0012513623,1.5540140867233276,1.0,0.0,0.5540141,0.0
2024-03-06,1.0491797,0.00017714873,1.5618597269058228,1.0,0.0,0.5618597,0.0
2024-03-07,1.0618037,0.0036116652,1.5376554131507874,1.0,0.0,0.5376554,0.0
2024-03-08,1.0709558,0.0030572265,1.5402425527572632,1.0,0.0,0.54024255,0.0
2024-03-11,1.0654855,0.0023675486,1.5395109057426453,1.0,0.0,0.5395109,0.0
2024-03-12,1.060389,0.00013110787,1.5686299204826355,1.0,0.0,0.5686299,0.0
2024-03-13,1.0633572,0.0003366992,1.5712396502494812,1.0,0.0,0.57123965,0.0
2024-03-14,1.0723094,0.00035463274,1.5830219388008118,1.0,0.0,0.58302194,0.0
2024-03-15,1.0713389,0.13061367,1.579688847064972,1.0,0.0,0.57968885,0.0
2024-03-18,1.0700945,0.009056933,1.5903218388557434,1.0,0.0,0.59032184,0.0
2024-03-19,1.072053,0.008870218,1.5756467580795288,1.0,0.0,0.57564676,0.0
2024-03-20,1.060309,0.0070038587,1.5822335481643677,1.0,0.0,0.58223355,0.0
2024-03-21,1.0514373,0.009498496,1.5910638570785522,1.0,0.0,0.59106386,0.0
2024-03-22,1.0517792,0.003423918,1.5848511457443237,1.0,0.0,0.58485115,0.0
2024-03-25,1.0380857,0.010367516,1.546069860458374,1.0,0.0,0.54606986,0.0
2024-03-26,1.0435442,0.00326192,1.5332236886024475,1.0,0.0,0.5332237,0.0
2024-03-27,1.0467443,0.0073981285,1.4950777888298035,1.0,0.0,0.4950778,0.0
2024-03-28,1.0600096,0.003141962,1.4952757358551025,1.0,0.0,0.49527574,0.0
2024-03-29,1.0528587,0.0049470365,1.4880332052707672,1.0,0.0,0.4880332,0.0
2024-04-01,1.0518562,0.033628,1.5133823156356812,1.0,0.0,0.5133823,0.0
2024-04-02,1.0358158,0.004169602,1.5194805264472961,1.0,0.0,0.5194805,0.0
2024-04-03,1.0381209,0.008949613,1.5143367052078247,1.0,0.0,0.5143367,0.0
2024-04-08,1.0252271,0.01716052,1.5164728164672852,1.0,0.0,0.5164728,0.0
2024-04-09,1.0247759,0.002288472,1.5369019508361816,1.0,0.0,0.53690195,0.0
2024-04-10,1.0210323,0.018853635,1.502389132976532,1.0,0.0,0.50238913,0.0
2024-04-11,1.0372534,0.0048633553,1.4937134683132172,1.0,0.0,0.49371347,0.0
2024-04-12,1.0255705,0.009291176,1.4942582249641418,1.0,0.0,0.49425822,0.0
2024-04-15,1.0386717,0.009546705,1.4795276522636414,1.0,0.0,0.47952765,0.0
2024-04-16,1.0385749,0.018112695,1.445366531610489,1.0,0.0,0.44536653,0.0
2024-04-17,1.0277184,0.009938486,1.4735204577445984,1.0,0.0,0.47352046,0.0
2024-04-18,1.0331318,0.007684281,1.4840486645698547,1.0,0.0,0.48404866,0.0
2024-04-19,1.0314935,0.0029617567,1.4827377200126648,1.0,0.0,0.48273772,0.0
2024-04-22,1.0354252,0.005926797,1.4949593544006348,1.0,0.0,0.49495935,0.0
2024-04-23,1.0350505,0.0069399066,1.5100642442703247,1.0,0.0,0.51006424,0.0
2024-04-24,1.0491636,0.008443575,1.49638032913208,1.0,0.0,0.49638033,0.0
2024-04-25,1.061623,0.003967764,1.485950082540512,1.0,0.0,0.48595008,0.0
2024-04-26,1.0576193,0.034362014,1.4956629872322083,1.0,0.0,0.495663,0.0
2024-04-29,1.0696009,0.012031322,1.5087178945541382,1.0,0.0,0.5087179,0.0
2024-04-30,1.0684321,0.009612616,1.4462014138698578,0.9783356189727783,0.0,0.4678658,0.0
2024-05-06,1.0632954,0.014683442,1.2215633392333984,0.7018635272979736,0.0,0.5196998,0.0
2024-05-07,1.0726231,0.011500755,1.1666314601898193,0.6404253244400024,0.0,0.52620614,0.0
2024-05-08,1.0660424,0.0055452194,1.3715637922286987,0.8247399926185608,0.0,0.5468238,0.0
2024-05-09,1.061695,0.0021794997,1.1798829436302185,0.6404253244400024,0.0,0.5394576,0.0
2024-05-10,1.0614474,0.0054929126,1.1480875611305237,0.5789870023727417,0.0,0.56910056,0.0
2024-05-13,1.0534351,0.0051891804,1.10835462808609,0.5789870023727417,0.0,0.5293676,0.0
2024-05-14,1.0557195,0.002380753,1.2267991304397583,0.7018635272979736,0.0,0.5249356,0.0
2024-05-15,1.0645765,0.0015457794,1.4876431226730347,0.9783356189727783,0.0,0.5093075,0.0
2024-05-16,1.0693659,0.0056461077,1.3740059733390808,0.8554590344429016,0.0,0.51854694,0.0
2024-05-17,1.0656943,0.004574744,1.064513087272644,0.5482678413391113,0.0,0.51624525,0.0
2024-05-20,1.0659825,0.00251095,0.9100757837295532,0.3946722149848938,0.0,0.51540357,0.0
2024-05-21,1.0553827,0.00066529773,0.9971372485160828,0.48682963848114014,0.0,0.5103076,0.0
2024-05-22,1.0424355,0.0033481773,0.9814455509185791,0.4561105966567993,0.0,0.52533495,0.0
2024-05-23,1.0541768,0.00432026,1.332737922668457,0.7940208911895752,0.03166165202856064,0.5070554,0.0
2024-05-24,1.0483863,0.002769284,1.533348672091961,1.0,0.03650008887052536,0.49684858,0.0
2024-05-27,1.0472902,0.0034172311,1.1948543190956116,0.7018635272979736,0.0,0.4929908,0.0
2024-05-28,1.0486554,0.0049801823,1.3419374525547028,0.8554590344429016,0.0,0.48647842,0.0
2024-05-29,1.0465257,0.003799919,1.276958405971527,0.7940208911895752,0.0,0.4829375,0.0
2024-05-30,1.0517106,0.004581226,1.486668586730957,1.0,0.0,0.4866686,0.0
2024-05-31,1.0563112,0.0061021578,1.572284758090973,1.0,0.07665911316871643,0.49562564,0.0
2024-06-03,1.0540252,0.0055284854,1.5964525640010834,1.0,0.1018189787864685,0.4946336,0.0
2024-06-04,1.0505483,0.0034350306,1.4458768963813782,0.8554590344429016,0.10423819720745087,0.48617965,0.0
2024-06-05,1.0463866,0.0028462075,1.595973052084446,1.0,0.11730197817087173,0.47867107,0.0
2024-06-06,1.0490687,0.0050228927,1.5836195349693298,0.9783356189727783,0.1395587921142578,0.46572512,0.0
2024-06-07,1.0480951,0.0020135455,1.6481806486845016,1.0,0.202458456158638,0.4457222,0.0
2024-06-11,1.0446786,0.0061156284,1.660168468952179,1.0,0.20149078965187073,0.45867768,0.0
2024-06-12,1.047447,0.0017422531,1.615764081478119,1.0,0.1410103142261505,0.47475377,0.0
2024-06-13,1.0515583,0.0017291121,1.5072000939399004,1.0,0.027307065203785896,0.47989303,0.0
2024-06-14,1.048128,0.16552252,1.254988397937268,1.0,0.007469471078366041,0.24751893,0.0
2024-06-17,1.0442368,0.0036268234,1.2481452226638794,1.0,0.0,0.24814522,0.0
2024-06-18,1.0397155,0.00168892,1.248577356338501,1.0,0.0,0.24857736,0.0
2024-06-19,1.0383977,0.008028768,1.5059788674116135,1.0,0.259552001953125,0.24642687,0.0
2024-06-20,1.0309535,0.0046699718,1.587061122059822,1.0,0.33890238404273987,0.24815874,0.0
2024-06-21,0.9858101,1.7615706,0.8803351759910584,0.004386544227600098,0.4,0.47594863,0.0
2024-06-24,0.99543726,0.009817932,0.9292717278003693,0.15301966667175293,0.3370189368724823,0.43923312,0.0
2024-06-25,0.9866549,0.0073987283,1.1477851212024688,0.35119715332984924,0.4,0.39658797,0.0
2024-06-26,0.98531795,0.008196037,0.9572458803653717,0.15301966667175293,0.4,0.4042262,0.0
2024-06-27,0.9859958,0.0132580325,1.1491386830806731,0.35119715332984924,0.4,0.39794153,0.0
2024-06-28,0.9820613,0.027348736,0.7983548581600189,0.0,0.4,0.39835486,0.0
2024-07-01,0.9829004,0.008605603,0.8170848727226258,0.0,0.4,0.41708487,0.0
2024-07-02,0.9751519,0.017529707,0.8452688097953797,0.0,0.4,0.4452688,0.0
2024-07-03,0.9733152,0.00426843,0.8457828104496002,0.0,0.4,0.4457828,0.0
2024-07-04,0.9661439,0.0022761188,0.8309722781181336,0.0,0.4,0.43097228,0.0
2024-07-05,0.97901833,0.011191502,0.8443314671516419,0.004386544227600098,0.4,0.43994492,0.0
2024-07-08,0.9791472,0.1951541,1.30163516998291,0.15301966667175293,0.4,0.7486155,0.0
2024-07-09,0.9903586,0.0065684915,1.1559764981269836,0.0,0.4,0.7559765,0.0
2024-07-10,0.9926787,0.0081993025,1.1488035559654235,0.0,0.4,0.74880356,0.0
2024-07-11,0.9960836,0.009695506,1.150982880592346,0.0,0.4,0.7509829,0.0
2024-07-12,1.0057563,0.004056135,1.150841975212097,0.0,0.4,0.750842,0.0
2024-07-15,1.0084596,0.11329014,0.8632632732391358,0.0,0.4,0.46326327,0.0
2024-07-16,1.0111759,0.007590072,0.861590051651001,0.0,0.4,0.46159005,0.0
2024-07-17,1.0226096,0.014434371,0.8439167082309723,0.0,0.4,0.4439167,0.0
2024-07-18,1.0172209,0.012310436,0.8163964688777924,0.0,0.4,0.41639647,0.0
2024-07-19,0.9899292,0.004926523,0.8113796651363373,0.0,0.4,0.41137967,0.0
2024-07-22,0.9831271,0.013447052,0.8359849095344544,0.0,0.4,0.4359849,0.0
2024-07-23,0.97996163,0.01669294,0.9689718127250672,0.15301966667175293,0.4,0.41595215,0.0
2024-07-24,0.9838213,0.007915776,1.0799035668373107,0.2521083354949951,0.4,0.42779523,0.0
2024-07-25,0.97233987,0.007559154,1.5416692733764648,0.6980078220367432,0.4,0.44366145,0.0
2024-07-26,0.97461694,0.00332967,1.8020324945449828,0.945729672908783,0.4,0.45630282,0.0
2024-07-29,0.9997683,0.014362259,1.795367383956909,0.945729672908783,0.4,0.4496377,0.0
2024-07-30,0.99427223,0.0074496847,1.8689233899116515,1.0,0.4,0.4689234,0.0
2024-07-31,0.9842963,0.026781414,1.6092371582984923,0.6980078220367432,0.4,0.51122934,0.0
2024-08-01,0.97223413,0.055576906,1.7567461371421813,0.8466408252716064,0.4,0.5101053,0.0
2024-08-02,0.9752793,0.0043910183,1.9042455792427062,1.0,0.4,0.5042456,0.0
2024-08-05,0.96972275,0.027391234,1.8716336131095885,1.0,0.4,0.4716336,0.0
2024-08-06,0.9749357,0.006042231,1.8742605090141295,1.0,0.4,0.4742605,0.0
2024-08-07,0.97278094,0.011461621,1.8511747360229491,1.0,0.4,0.45117474,0.0
2024-08-08,0.9703998,0.11193325,1.6501061558723449,1.0,0.4,0.25010616,0.0
2024-08-09,0.97238916,0.098969884,1.8450118541717528,1.0,0.4,0.44501185,0.0
2024-08-12,0.96293336,0.013370782,1.867548668384552,1.0,0.4,0.46754867,0.0
2024-08-13,0.9680512,0.009176919,1.8642135500907897,1.0,0.4,0.46421355,0.0
2024-08-14,0.96472025,0.011748174,1.8269642889499664,1.0,0.36181408166885376,0.4651502,0.0
2024-08-15,0.96396506,0.10903466,2.004399135708809,1.0,0.24928231537342072,0.7551168,0.0
2024-08-16,0.9536659,0.11147638,1.730301856994629,1.0,0.271216481924057,0.45908538,0.0
2024-08-19,0.9489197,0.0044887364,1.6643078029155731,1.0,0.1949237883090973,0.469384,0.0
2024-08-20,0.9407331,0.004379876,1.6065454930067062,1.0,0.14867134392261505,0.45787415,0.0
2024-08-21,0.93991184,0.0059151966,1.6547294855117798,1.0,0.20589086413383484,0.44883862,0.0
2024-08-22,0.93849015,0.005801296,1.7165274918079376,1.0,0.28361403942108154,0.43291345,0.0
2024-08-23,0.92977184,0.004524315,1.8230419993400573,1.0,0.4,0.423042,0.0
2024-08-26,0.9260988,0.01781947,1.8235737919807433,1.0,0.4,0.4235738,0.0
2024-08-27,0.93201923,0.013915841,1.8160785675048827,1.0,0.4,0.41607857,0.0
2024-08-28,0.9499895,0.0018278863,1.8166109561920165,1.0,0.4,0.41661096,0.0
2024-08-29,0.9292824,0.010098552,1.8463357031345367,1.0,0.4,0.4463357,0.0
2024-08-30,0.93510586,0.010965163,1.875536435842514,1.0,0.4,0.47553644,0.0
2024-09-02,0.92913735,0.012200331,1.8818867743015288,1.0,0.4,0.48188677,0.0
2024-09-03,0.9314402,0.0064347256,1.8973679184913634,1.0,0.4,0.49736792,0.0
2024-09-04,0.9223202,0.009545637,1.8996846318244933,1.0,0.4,0.49968463,0.0
2024-09-05,0.91610205,0.0066916514,1.8941022396087646,1.0,0.4,0.49410224,0.0
2024-09-06,0.9188993,0.0068490338,1.8659239649772643,1.0,0.4,0.46592396,0.0
2024-09-09,0.918035,0.0044950973,1.862575614452362,1.0,0.4,0.4625756,0.0
2024-09-10,0.90839064,0.004046416,1.8648591578006743,1.0,0.4,0.46485916,0.0
2024-09-11,0.9009483,0.008017847,1.8625284075736999,1.0,0.4,0.4625284,0.0
2024-09-12,0.8953183,0.006477706,1.8593266546726226,1.0,0.4,0.45932665,0.0
2024-09-13,0.90616673,0.0035385564,1.8435165524482726,1.0,0.4,0.44351655,0.0
2024-09-18,0.9035819,0.0076191463,1.836150312423706,1.0,0.4,0.4361503,0.0
2024-09-19,0.9010049,0.013988826,1.8441781938076018,1.0,0.4,0.4441782,0.0
2024-09-20,0.9344166,0.0031422488,1.8361760020256042,1.0,0.4,0.436176,0.0
2024-09-23,0.9405022,0.0031870808,1.8403573870658874,1.0,0.4,0.4403574,0.0
2024-09-24,0.98698205,0.042771116,1.8878574311733245,1.0,0.4,0.48785743,0.0
2024-09-25,1.0456499,0.01703691,1.8916834831237792,1.0,0.4,0.49168348,0.0
2024-09-26,1.1270436,0.016514177,0.900028133392334,0.0,0.4,0.50002813,0.0
2024-09-27,1.1710169,0.03550996,1.0005889177322387,0.0,0.4,0.6005889,0.0
2024-09-30,1.1544014,0.036793817,1.1496083378791808,0.0,0.4,0.74960834,0.0
2024-10-08,1.1542821,0.071145535,1.1496083378791808,0.0,0.4,0.74960834,0.0
2024-10-09,1.1208965,0.102837615,1.1496083378791808,0.0,0.4,0.74960834,0.0
2024-10-10,1.1366352,0.005073473,2.149608337879181,0.0,0.4,0.74960834,1.0
2024-10-11,1.1158979,0.028307632,2.149608337879181,0.0,0.4,0.74960834,1.0
2024-10-14,1.1034712,0.019310204,2.149608337879181,0.0,0.4,0.74960834,1.0
2024-10-15,1.09715,0.07894069,1.059912109375,0.0,0.4,0.6599121,0.0
2024-10-16,1.147028,0.012355788,0.9121761560440064,0.0,0.4,0.51217616,0.0
2024-10-17,1.1638507,0.011953529,0.9198615789413452,0.0,0.4,0.5198616,0.0
2024-10-18,1.1645169,0.03531648,1.0151527762413024,0.0,0.4,0.6151528,0.0
2024-10-21,1.1630708,0.07805618,0.6496083229780197,0.0,0.4,0.24960832,0.0
2024-10-22,1.1549951,0.017956212,0.6496083229780197,0.0,0.4,0.24960832,0.0
2024-10-23,1.1618783,0.007256467,0.6496083229780197,0.0,0.4,0.24960832,0.0
2024-10-24,1.169849,0.013053469,0.6496083229780197,0.0,0.4,0.24960832,0.0
2024-10-25,1.1607825,0.014755182,0.6496083229780197,0.0,0.4,0.24960832,0.0
2024-10-28,1.1518224,0.08965744,2.0412912607192992,0.0,0.4,0.64129126,1.0
2024-10-29,1.1589335,0.008378077,1.0137775778770446,0.0,0.4,0.6137776,0.0
2024-10-30,1.1493571,0.02311664,1.017888569831848,0.0,0.4,0.61788857,0.0
2024-10-31,1.1620114,0.0075063705,1.0288627982139587,0.0,0.4,0.6288628,0.0
2024-11-01,1.1913048,0.008158311,0.9938993692398072,0.0,0.4,0.59389937,0.0
2024-11-04,1.1929474,0.012744434,0.9867560505867005,0.0,0.4,0.58675605,0.0
2024-11-05,1.2325251,0.015986495,1.0592776775360107,0.0,0.4,0.6592777,0.0
2024-11-06,1.2223823,0.009513099,2.1132146954536437,0.0,0.4,0.7132147,1.0
2024-11-07,1.2449056,0.012035433,2.149608337879181,0.0,0.4,0.74960834,1.0
2024-11-08,1.2301774,0.0056880563,2.149608337879181,0.0,0.4,0.74960834,1.0
2024-11-11,1.2318137,0.010462329,2.149608337879181,0.0,0.4,0.74960834,1.0
2024-11-12,1.2083207,0.009231798,2.149608337879181,0.0,0.4,0.74960834,1.0
2024-11-13,1.1842347,0.007870536,2.149608337879181,0.0,0.4,0.74960834,1.0
2024-11-14,1.1704549,0.009276874,2.0929935216903686,0.0,0.4,0.6929935,1.0
2024-11-15,1.1850255,0.007569298,2.0125494837760924,0.0,0.4,0.6125495,1.0
2024-11-18,1.1853863,0.008307837,1.8909856915473937,0.0,0.4,0.4909857,1.0
2024-11-19,1.0017331,1.6933758,1.8970352053642272,0.0,0.4,0.4970352,1.0
2024-11-20,0.9730341,0.016007293,1.8959279894828795,0.0,0.4,0.495928,1.0
2024-11-21,0.96672213,0.015823297,1.9004644393920898,0.0,0.4,0.50046444,1.0
2024-11-22,0.9649538,0.012032885,1.8991399347782134,0.0,0.4,0.49913993,1.0
2024-11-25,0.98255795,0.010305006,1.900285506248474,0.0,0.4,0.5002855,1.0
2024-11-26,0.97725385,0.012872525,1.8967671930789947,0.0,0.4,0.4967672,1.0
2024-11-27,0.9902026,0.008973528,1.8955663681030273,0.0,0.4,0.49556637,1.0
2024-11-28,0.9967513,0.008352593,1.8954469799995421,0.0,0.4,0.49544698,1.0
2024-11-29,0.9920397,0.011993412,1.902664566040039,0.0,0.4,0.50266457,1.0
2024-12-02,0.9894903,0.01982855,1.905531907081604,0.0,0.4,0.5055319,1.0
2024-12-03,0.9873053,0.0072168782,1.9077439546585082,0.0,0.4,0.50774395,1.0
2024-12-04,0.995957,0.0067566223,1.906845474243164,0.0,0.4,0.5068455,1.0
2024-12-05,0.9889409,0.0072005764,1.9077089071273803,0.0,0.4,0.5077089,1.0
2024-12-06,0.9977509,0.009009261,1.904555344581604,0.0,0.4,0.50455534,1.0
2024-12-09,1.0005802,0.0050603896,1.9010437965393066,0.0,0.4,0.5010438,1.0
2024-12-10,1.0113895,0.005935855,1.9054913163185119,0.0,0.4,0.5054913,1.0
2024-12-11,0.994852,0.006438017,1.9076972246170043,0.0,0.4,0.5076972,1.0
2024-12-12,0.98520935,0.012671899,1.9080583095550536,0.0,0.4,0.5080583,1.0
2024-12-13,0.98349047,0.028221663,1.9046165585517882,0.0,0.4,0.50461656,1.0
2024-12-16,0.99145454,0.0355746,1.9038411021232604,0.0,0.4,0.5038411,1.0
2024-12-17,0.9953678,0.006068334,1.8969306886196136,0.0,0.4,0.4969307,1.0
2024-12-18,1.0033954,0.025274336,1.8951366782188415,0.0,0.4,0.49513668,1.0
2024-12-19,0.99814546,0.022107653,1.8936475753784179,0.0,0.4,0.49364758,1.0
2024-12-20,1.0065047,0.030465726,1.9010272860527038,0.0,0.4,0.5010273,1.0
2024-12-23,1.0054691,0.013585731,1.8981379508972167,0.0,0.4,0.49813795,1.0
2024-12-24,1.0095538,0.033128593,1.900903844833374,0.0,0.4,0.50090384,1.0
2024-12-25,1.0092933,0.008474469,1.8992736876010894,0.0,0.4,0.4992737,1.0
2024-12-26,1.0088627,0.0315076,1.8992080628871917,0.0,0.4,0.49920806,1.0
2024-12-27,0.99388283,0.0068050697,1.8944891929626464,0.0,0.4,0.4944892,1.0
2024-12-30,0.9714916,0.022105612,1.8992131292819976,0.0,0.4,0.49921313,1.0
2024-12-31,0.9616687,0.055509534,1.8916397035121917,0.0,0.4,0.4916397,1.0
2025-01-02,0.9557359,0.060544617,1.8728739321231842,0.0,0.3819246292114258,0.4909493,1.0
2025-01-03,0.9703466,0.052660886,1.8819967746734618,0.0,0.4,0.48199677,1.0
2025-01-06,0.9696991,0.020781852,1.8800297617912292,0.0,0.4,0.48002976,1.0
2025-01-07,0.96877605,0.0115983635,1.8785972535610198,0.0,0.4,0.47859725,1.0
2025-01-08,0.9618438,0.00990558,1.8839836955070495,0.0,0.4,0.4839837,1.0
2025-01-09,0.9599684,0.014302105,1.749363660812378,0.0,0.2636490762233734,0.48571458,1.0
2025-01-10,0.9820249,0.015223917,1.6278404146432877,0.0,0.13721661269664764,0.4906238,1.0
2025-01-13,0.97736275,0.018581893,0.587199330329895,0.0,0.09351876378059387,0.49368057,0.0
2025-01-14,0.9680708,0.013067741,0.63753542304039,0.0,0.14012980461120605,0.49740562,0.0
2025-01-15,0.97730833,0.010445692,0.6273522228002548,0.0,0.12818573415279388,0.4991665,0.0
2025-01-16,0.9785644,0.0071332455,1.5790522620081902,0.0,0.07953544706106186,0.49951681,1.0
2025-01-17,0.9799589,0.022622209,1.5366979911923409,0.0,0.03787682205438614,0.49882117,1.0
2025-01-20,0.9732116,0.012438659,1.5680380165576935,0.0,0.0690479576587677,0.49899006,1.0
2025-01-21,0.970276,0.009091042,1.5642905235290527,0.0,0.06846532225608826,0.4958252,1.0
2025-01-22,0.9744973,0.016676161,1.5816113278269768,0.0,0.08536183089017868,0.4962495,1.0
2025-01-23,0.966684,0.012730114,1.5177073888480663,0.0,0.025058787316083908,0.4926486,1.0
2025-01-24,0.97018224,0.021225285,1.4896286129951477,0.0,0.0,0.4896286,1.0
2025-01-27,0.98387736,0.023532934,1.4818688854575157,0.0,0.008453600108623505,0.4734153,1.0
2025-02-05,0.9907048,0.050502002,1.4838727116584778,0.0,0.0,0.4838727,1.0
2025-02-06,0.99384636,0.013608858,1.5112051013857126,0.0,0.021562958136200905,0.48964214,1.0
2025-02-07,0.9875634,0.010954581,1.4976023733615875,0.0,0.0,0.49760237,1.0
2025-02-10,0.99991137,0.022015937,1.513348937034607,0.0,0.0,0.51334894,1.0
2025-02-11,0.9991197,0.009831831,1.5335291624069214,0.0,0.0,0.53352916,1.0
2025-02-12,1.0002196,0.009847116,1.5243377685546875,0.0,0.0,0.52433777,1.0
2025-02-13,1.0041156,0.01077335,1.5169614553451538,0.0,0.0,0.51696146,1.0
2025-02-14,0.99354804,0.020264022,1.5127741694450378,0.0,0.0,0.51277417,1.0
2025-02-17,1.0075481,0.005010508,1.5119139552116394,0.0,0.0,0.51191396,1.0
2025-02-18,1.0041784,0.0054736957,1.505052924156189,0.0,0.0,0.5050529,1.0
2025-02-19,1.0212595,0.0057389885,1.5079389214515686,0.0,0.0,0.5079389,1.0
2025-02-20,1.0233046,0.010269899,1.5116047859191895,0.0,0.0,0.5116048,1.0
2025-02-21,1.0141665,0.0086024925,1.5144954919815063,0.0,0.0,0.5144955,1.0
2025-02-24,1.0231173,0.0071044303,1.5106236338615417,0.0,0.0,0.51062363,1.0
2025-02-25,1.0274017,0.002581291,1.5176986455917358,0.0,0.0,0.51769865,1.0
2025-02-26,1.0119194,0.008025389,1.5171162486076355,0.0,0.0,0.51711625,1.0
2025-02-27,1.0067627,0.00968264,1.5136576890945435,0.0,0.0,0.5136577,1.0
2025-02-28,1.0103583,0.028360806,1.5028719902038574,0.0,0.0,0.502872,1.0
2025-03-03,1.0113094,0.025543261,1.4975410401821136,0.0,0.0,0.49754104,1.0
2025-03-04,1.0259792,0.016447332,1.4941561222076416,0.0,0.0,0.49415612,1.0
2025-03-05,1.0235989,0.0063642263,1.490218073129654,0.0,0.0,0.49021807,1.0
2025-03-06,1.0218853,0.011730615,1.4964852929115295,0.0,0.0,0.4964853,1.0
2025-03-07,1.0267107,0.012048751,1.500097930431366,0.0,0.0,0.50009793,1.0
2025-03-10,1.0233538,0.019760035,1.505545735359192,0.0,0.0,0.50554574,1.0
2025-03-11,1.0149686,0.01892047,1.5059555768966675,0.0,0.0,0.5059556,1.0
2025-03-12,1.0386934,0.0029036961,1.5105565190315247,0.0,0.0,0.5105565,1.0
2025-03-13,1.0364851,0.0052335523,1.501772403717041,0.0,0.0,0.5017724,1.0
2025-03-14,1.0351735,0.0148888305,1.5051233172416687,0.0,0.0,0.5051233,1.0
2025-03-17,1.0302093,0.014695227,1.5043670535087585,0.0,0.0,0.50436705,1.0
2025-03-18,1.0231702,0.004678335,1.5076543092727661,0.0,0.0,0.5076543,1.0
2025-03-19,1.0105466,0.013180282,1.5026623010635376,0.0,0.0,0.5026623,1.0
2025-03-20,1.0139685,0.019461196,1.5071638822555542,0.0,0.0,0.5071639,1.0
2025-03-21,1.0097711,0.029607046,1.5020458102226257,0.0,0.0,0.5020458,1.0
2025-03-24,1.0104063,0.008036103,1.4966521859169006,0.0,0.0,0.4966522,1.0
2025-03-25,1.0151128,0.021201272,1.4927360117435455,0.0,0.0,0.492736,1.0
2025-03-26,1.0083302,0.01940776,1.493114560842514,0.0,0.0,0.49311456,1.0
2025-03-27,1.0027744,0.008235164,1.4904277920722961,0.0,0.0,0.4904278,1.0
2025-03-28,1.0062836,0.0019296557,1.494416058063507,0.0,0.0,0.49441606,1.0
2025-03-31,1.0048335,0.008677214,1.4961002469062805,0.0,0.0,0.49610025,1.0
2025-04-01,1.0100921,0.030730326,1.4948653280735016,0.0,0.0,0.49486533,1.0
2025-04-02,0.964808,0.0061291344,1.4928927421569824,0.0,0.0,0.49289274,1.0
2025-04-03,0.97842246,0.024442296,1.4893376231193542,0.0,0.0,0.48933762,1.0
2025-04-07,1.001138,0.14275111,2.0703264474868774,0.5990806818008423,0.0,0.47124577,1.0
2025-04-08,1.0079682,0.0053452067,1.4538586139678955,0.0,0.0,0.4538586,1.0
2025-04-09,1.0189861,0.0100728385,0.45385342836380005,0.0,0.0,0.45385343,0.0
2025-04-10,1.0182378,0.008343637,0.45692580938339233,0.0,0.0,0.4569258,0.0
2025-04-11,1.0142623,0.018702261,0.45883312821388245,0.0,0.0,0.45883313,0.0
2025-04-14,1.0197428,0.0273966,0.48288995027542114,0.0,0.0,0.48288995,0.0
2025-04-15,1.0221952,0.014502559,0.5006089210510254,0.0,0.0,0.5006089,0.0
2025-04-16,1.0179939,0.010351203,0.4992526173591614,0.0,0.0,0.49925262,0.0
2025-04-17,1.0196549,0.01814308,0.49520835280418396,0.0,0.0,0.49520835,0.0
2025-04-18,1.000124,1.7181218,1.5006373524665833,0.0,0.0,0.50063735,1.0
2025-04-21,0.9957878,0.052223995,1.4992995262145996,0.0,0.0,0.49929953,1.0
2025-04-22,0.9921027,0.006822489,1.497870922088623,0.0,0.0,0.49787092,1.0
2025-04-23,0.99101824,0.017545108,1.5006844997406006,0.0,0.0,0.5006845,1.0
2025-04-24,0.9904546,0.006874334,1.5012924075126648,0.0,0.0,0.5012924,1.0
2025-04-25,0.9923615,0.01546054,1.5011785626411438,0.0,0.0,0.50117856,1.0
2025-04-28,0.9954344,0.0065395907,1.499053716659546,0.0,0.0,0.49905372,1.0
2025-04-29,1.0028539,0.0035829172,1.500568687915802,0.0,0.0,0.5005687,1.0
2025-04-30,1.0037656,0.035564817,1.4934826791286469,0.0,0.0,0.49348268,1.0
2025-05-06,1.003568,0.022686955,1.5000160336494446,0.0,0.0,0.50001603,1.0
2025-05-07,0.997544,0.0065492466,1.5055115222930908,0.0,0.0,0.5055115,1.0
2025-05-08,1.0001715,0.0107338205,1.5050155520439148,0.0,0.0,0.50501555,1.0
2025-05-09,0.99852395,0.010020383,1.5036224126815796,0.0,0.0,0.5036224,1.0
2025-05-12,1.0054688,0.022286965,1.5112407803535461,0.0,0.0,0.5112408,1.0
2025-05-13,0.9970744,0.015534699,1.5058625936508179,0.0,0.0,0.5058626,1.0
2025-05-14,0.9915916,0.0119551215,1.5032621622085571,0.0,0.0,0.50326216,1.0
2025-05-15,0.99132764,0.020143094,1.502106487751007,0.0,0.0,0.5021065,1.0
2025-05-16,0.9955652,0.014473077,1.5028382539749146,0.0,0.0,0.50283825,1.0
2025-05-19,0.9950254,0.008947015,1.5043612122535706,0.0,0.0,0.5043612,1.0
2025-05-20,0.9923631,0.0015814416,1.50447678565979,0.0,0.0,0.5044768,1.0
2025-05-21,0.98609805,0.005921971,1.5038092732429504,0.0,0.0,0.5038093,1.0
2025-05-22,0.9868827,0.007312827,1.503885269165039,0.0,0.0,0.50388527,1.0
2025-05-23,0.981414,0.008705882,1.5029452443122864,0.0,0.0,0.50294524,1.0
2025-05-26,0.980411,0.004818583,1.502871036529541,0.0,0.0,0.50287104,1.0
2025-05-27,0.98620236,0.0059736893,1.504702091217041,0.0,0.0,0.5047021,1.0
2025-05-28,0.9824408,0.006483482,1.5052066445350647,0.0,0.0,0.50520664,1.0
2025-05-29,0.98546076,0.0024923887,1.5048171281814575,0.0,0.0,0.5048171,1.0
2025-05-30,0.9883126,0.0033769812,1.5038210153579712,0.0,0.0,0.503821,1.0
2025-06-03,0.9910793,0.024628514,1.5030914545059204,0.0,0.0,0.50309145,1.0
2025-06-04,0.9912331,0.0032658074,1.5021576881408691,0.0,0.0,0.5021577,1.0
2025-06-05,0.9931096,0.0068798047,1.5041333436965942,0.0,0.0,0.50413334,1.0
2025-06-06,0.9842314,0.0050524287,1.5037062764167786,0.0,0.0,0.5037063,1.0
2025-06-09,0.9880057,0.0027444903,1.5101324915885925,0.0,0.0,0.5101325,1.0
2025-06-10,0.9827695,0.0048786215,1.5096064805984497,0.0,0.0,0.5096065,1.0
2025-06-11,0.9751807,0.011667756,1.5095332264900208,0.0,0.0,0.5095332,1.0
2025-06-12,0.9747102,0.012665281,1.509291648864746,0.0,0.0,0.50929165,1.0
2025-06-13,0.97250295,0.00405732,1.5092428922653198,0.0,0.0,0.5092429,1.0
2025-06-16,0.97150546,0.016380405,1.508455753326416,0.0,0.0,0.50845575,1.0
2025-06-17,0.96700925,0.0052419063,1.5106619596481323,0.0,0.0,0.51066196,1.0
2025-06-18,0.96776444,0.01305517,1.5097514390945435,0.0,0.0,0.50975144,1.0
2025-06-19,0.9683617,0.08987869,1.7291210293769836,0.0,0.0,0.729121,1.0
2025-06-20,0.97639835,0.009449635,1.7291210293769836,0.0,0.0,0.729121,1.0
2025-06-23,0.9844006,0.009072764,1.7291210293769836,0.0,0.0,0.729121,1.0
2025-06-24,0.9811876,0.0042141303,1.7291210293769836,0.0,0.0,0.729121,1.0
2025-06-25,0.97941947,0.0115765855,1.7291210293769836,0.0,0.0,0.729121,1.0
2025-06-26,0.9836437,0.016612794,1.5117038488388062,0.0,0.0,0.51170385,1.0
2025-06-27,0.9826036,0.008408213,1.5157243013381958,0.0,0.0,0.5157243,1.0
2025-06-30,0.9793351,0.009368051,1.5185526013374329,0.0,0.0,0.5185526,1.0
2025-07-01,0.9819249,0.013682326,1.5180655717849731,0.0,0.0,0.5180656,1.0
2025-07-02,0.9823945,0.0017739162,1.5154086351394653,0.0,0.0,0.51540864,1.0
2025-07-03,0.97918487,0.0101314075,1.5129984617233276,0.0,0.0,0.51299846,1.0
2025-07-04,0.9851395,0.0056382567,1.509995937347412,0.0,0.0,0.50999594,1.0
2025-07-07,0.9849023,0.0068842527,1.5080377459526062,0.0,0.0,0.50803775,1.0
2025-07-08,0.9852999,0.009321956,1.5086541175842285,0.0,0.0,0.5086541,1.0
2025-07-09,0.9906376,0.008261202,1.5098551511764526,0.0,0.0,0.50985515,1.0
2025-07-10,0.99001026,0.0074493736,1.510401427745819,0.0,0.0,0.5104014,1.0
2025-07-11,0.98650795,0.0030929055,1.5139168500900269,0.0,0.0,0.51391685,1.0
2025-07-14,0.98786426,0.014121214,1.5152154564857483,0.0,0.0,0.51521546,1.0
2025-07-15,0.9928487,0.006641185,1.514965295791626,0.0,0.0,0.5149653,1.0
2025-07-16,0.99799305,0.005881561,1.5161486864089966,0.0,0.0,0.5161487,1.0
2025-07-17,1.0006279,0.0025210045,1.5170879364013672,0.0,0.0,0.51708794,1.0
2025-07-18,1.009394,0.005079422,1.515332818031311,0.0,0.0,0.5153328,1.0
2025-07-21,1.0099771,0.009338608,1.517687976360321,0.0,0.0,0.517688,1.0
2025-07-22,1.013834,0.0046165176,1.5218710899353027,0.0,0.0,0.5218711,1.0
2025-07-23,1.0139085,0.002309123,1.5200742483139038,0.0,0.0,0.52007425,1.0
2025-07-24,1.0129663,0.019748384,1.5195736289024353,0.0,0.0,0.5195736,1.0
2025-07-25,1.0136626,0.0029331427,1.5226653814315796,0.0,0.0,0.5226654,1.0
2025-07-28,1.014502,0.0020251237,1.5241817235946655,0.0,0.0,0.5241817,1.0
2025-07-29,1.001126,0.0040497314,1.5241453051567078,0.0,0.0,0.5241453,1.0
2025-07-30,0.9984128,0.0016793255,1.5239448547363281,0.0,0.0,0.52394485,1.0
2025-07-31,1.0023687,0.007305026,1.521471619606018,0.0,0.0,0.5214716,1.0
2025-08-01,1.007725,0.014483403,1.5172791481018066,0.0,0.0,0.51727915,1.0
2025-08-04,1.0102574,0.012702784,1.5139520168304443,0.0,0.0,0.513952,1.0
2025-08-05,1.0102794,0.0015919209,1.5112862586975098,0.0,0.0,0.51128626,1.0
2025-08-06,1.0057517,0.0030113999,1.5139867067337036,0.0,0.0,0.5139867,1.0
2025-08-07,1.0103666,0.0024483036,1.515388011932373,0.0,0.0,0.515388,1.0
2025-08-08,1.0161481,0.0048735924,1.515920341014862,0.0,0.0,0.51592034,1.0
2025-08-11,1.0196863,0.014397489,1.5178605318069458,0.0,0.0,0.51786053,1.0
2025-08-12,1.0220821,0.0054209586,1.5175243616104126,0.0,0.0,0.51752436,1.0
2025-08-13,1.0270842,0.0015791431,1.5185054540634155,0.0,0.0,0.51850545,1.0
2025-08-14,1.0338376,0.0061269384,1.5204761624336243,0.0,0.0,0.52047616,1.0
2025-08-15,1.0314659,0.009873746,1.5429829005151987,0.0,0.018185758963227272,0.52479714,1.0
2025-08-18,1.0461,0.006198028,1.5759390480816364,0.0,0.04254661872982979,0.5333924,1.0
2025-08-19,1.0492742,0.0029537752,1.5616504978388548,0.0,0.02045188657939434,0.5411986,1.0
2025-08-20,1.0774727,0.012124823,1.5544843282550573,0.0,0.011953910812735558,0.5425304,1.0
2025-08-21,1.0985726,0.0024063997,1.5387460589408875,0.0,0.0,0.53874606,1.0
2025-08-22,1.098396,0.019673193,1.5665160417556763,0.0,0.027533531188964844,0.5389825,1.0
2025-08-25,1.0881501,0.011983827,1.5556527022272348,0.0,0.019602084532380104,0.5360506,1.0
2025-08-26,1.1079991,0.0017039943,1.5457333764061332,0.0,0.013653500936925411,0.5320799,1.0
2025-08-27,1.1118312,0.005633902,1.6744695007801056,0.0,0.14112314581871033,0.53334635,1.0
2025-08-28,1.1164087,0.0045890175,1.7985768914222717,0.0,0.2589617371559143,0.53961515,1.0
2025-08-29,1.1062845,0.004328331,1.813869297504425,0.0,0.2711421847343445,0.5427271,1.0
2025-09-01,1.0928392,0.0051322933,1.793198436498642,0.0,0.25018051266670227,0.5430179,1.0
2025-09-02,1.0722951,0.004769489,1.757549598813057,0.0,0.22468657791614532,0.532863,1.0
2025-09-03,1.0870898,0.0075103845,1.7398122549057007,0.0,0.21363919973373413,0.52617306,1.0
2025-09-04,1.0939797,0.004366437,1.6991716921329498,0.0,0.18247994780540466,0.51669174,1.0
2025-09-05,1.0876156,0.010777608,1.7395131886005402,0.0,0.226386159658432,0.513127,1.0
2025-09-08,1.0908091,0.008517263,1.812695562839508,0.0,0.30286794900894165,0.5098276,1.0
2025-09-09,1.1164536,0.006694937,1.8140224516391754,0.0,0.29918548464775085,0.51483697,1.0
2025-09-10,1.1154667,0.0051713716,1.8886258900165558,0.0,0.37226811051368713,0.5163578,1.0
2025-09-11,1.002354,1.7375478,1.3822074830532074,0.0,0.16094854474067688,0.5164871,0.7047718167304993
2025-09-12,1.00355,0.0059937946,1.2308007776737213,0.0,0.12869516015052795,0.5173526,0.5847530364990234
2025-09-15,1.0051349,0.0058787186,1.0790881365537643,0.0,0.1462572067975998,0.5152236,0.41760730743408203
2025-09-16,1.0027672,0.0030990578,0.9672393798828125,0.0,0.13832050561904907,0.5192407,0.30967819690704346
2025-09-17,0.9992458,0.007608244,0.586913138628006,0.0,0.06604591012001038,0.5208672,0.0
2025-09-18,1.005456,0.0049002226,0.6526621077209711,0.0,0.021465318277478218,0.5164735,0.1147233173251152
2025-09-19,0.999892,0.0016468093,0.7440065108239651,0.0,0.053549837321043015,0.512705,0.17775164544582367
2025-09-22,1.0138664,0.0021981765,0.736920665949583,0.0,0.02129645273089409,0.5128273,0.20279693603515625
2025-09-23,1.013193,0.0072988924,0.8162378557026386,0.0,0.023998308926820755,0.50716436,0.28507518768310547
2025-09-24,1.0086869,0.000575155,0.8822649195790291,0.0,0.04156035929918289,0.5075189,0.33318567276000977
2025-09-25,1.0175159,0.0024410505,0.5685848752036691,0.0,0.002721206285059452,0.5113297,0.054533958435058594
2025-09-26,1.0225106,0.0015158076,0.6396994353272021,0.0,0.005085325334221125,0.50766885,0.12694525718688965
2025-09-29,1.0319276,0.0021744203,0.5338435247540474,0.0,0.02973974496126175,0.5041038,0.0
2025-09-30,1.0148058,0.0023787878,0.5060096029192209,0.0,0.009813571348786354,0.49619603,0.0
2025-10-09,1.0148523,0.010406528,0.5048523545265198,0.0,0.0,0.50485235,0.0
2025-10-10,1.0042294,0.0037891027,0.5008894801139832,0.0,0.0,0.5008895,0.0
2025-10-13,1.0120846,0.0017997753,0.5061214566230774,0.0,0.0,0.50612146,0.0
2025-10-14,1.0116774,0.008626493,0.5056872367858887,0.0,0.0,0.50568724,0.0
2025-10-15,0.99701834,0.001365535,0.5144907236099243,0.0,0.0,0.5144907,0.0
2025-10-16,0.99645895,0.002523467,0.5041168928146362,0.0,0.0,0.5041169,0.0
2025-10-17,1.0069642,0.009427894,0.49854859709739685,0.0,0.0,0.4985486,0.0
2025-10-20,1.0028622,0.0026553646,0.49809765815734863,0.0,0.0,0.49809766,0.0
2025-10-21,1.0020163,0.0031033065,0.500795841217041,0.0,0.0,0.50079584,0.0
2025-10-22,1.0120885,0.010137927,0.5021160244941711,0.0,0.0,0.502116,0.0
2025-10-23,1.0217412,0.0009834357,0.500007152557373,0.0,0.0,0.50000715,0.0
2025-10-24,1.0173596,0.007336084,0.5079054832458496,0.0,0.0,0.5079055,0.0
2025-10-27,1.0208062,0.0048339404,0.5135385394096375,0.0,0.0,0.51353854,0.0
2025-10-28,1.0135103,0.005417224,0.5398469809442759,0.0,0.026700163260102272,0.5131468,0.0
2025-10-29,1.0046319,0.0028684828,0.6037566959857941,0.0,0.08985599875450134,0.5139007,0.0
2025-10-30,1.0026963,0.0020142905,0.5830717235803604,0.0,0.07060529291629791,0.51246643,0.0
2025-10-31,0.9964218,0.0067239944,0.5619653612375259,0.0,0.053887560963630676,0.5080778,0.0
2025-11-03,0.99421465,0.005056035,0.5360236950218678,0.0,0.0317661352455616,0.50425756,0.0
2025-11-04,1.006131,0.0008837301,0.5239543560892344,0.0,0.02332284487783909,0.5006315,0.0
2025-11-05,1.0028589,0.0011788439,0.5049185291863978,0.0,0.006942851934581995,0.49797568,0.0
2025-11-06,1.011958,0.0017190408,0.525864839553833,0.0,0.024504899978637695,0.50135994,0.0
2025-11-07,1.0064822,0.0010223798,0.5355257838964462,0.0,0.032441601157188416,0.5030842,0.0
2025-11-10,1.005817,0.002879914,0.5374227128922939,0.0,0.034467991441488266,0.5029547,0.0
2025-11-11,1.0127655,0.0009393841,0.5342975333333015,0.0,0.02973974496126175,0.5045578,0.0
2025-11-12,0.9979185,0.001219444,0.5273887198418379,0.0,0.02349170856177807,0.503897,0.0
2025-11-13,0.99315125,0.0012656655,0.5425497777760029,0.0,0.03936510160565376,0.5031847,0.0
2025-11-14,0.9946768,0.001220176,0.5375514663755894,0.0,0.036325518041849136,0.50122595,0.0
2025-11-17,0.9923918,0.0023901872,0.5322769228368998,0.0,0.031090671196579933,0.50118625,0.0
2025-11-18,0.9866451,0.0005658623,0.5341286808252335,0.0,0.03328593075275421,0.50084275,0.0
2025-11-19,0.970807,0.00030657277,0.5455588810145855,0.0,0.045106541365385056,0.50045234,0.0
2025-11-20,0.9721681,0.000395542,0.5371218360960484,0.0,0.039027366787195206,0.49809447,0.0
2025-11-21,0.9763543,0.0034732744,0.5365923903882504,0.0,0.04223581776022911,0.49435657,0.0
2025-11-24,0.9793468,0.0034997016,0.5400184281170368,0.0,0.0479772575199604,0.49204117,0.0
2025-11-25,0.9799646,0.0038213786,0.767362542450428,0.0,0.06553930789232254,0.4925115,0.20931172370910645
2025-11-26,0.9847483,0.0005936548,0.9168234840035439,0.0,0.08563435822725296,0.49501723,0.3361718952655792
2025-11-27,0.99010766,0.00038488954,1.0690860748291016,0.0,0.10252094268798828,0.49700937,0.4695557653903961
2025-11-28,0.9831561,0.00063443184,1.0495940297842026,0.0,0.10404072701931,0.5042424,0.4413108825683594
2025-12-01,0.9783414,0.005599916,0.7583666071295738,0.0,0.09981908649206161,0.5073384,0.15120911598205566
2025-12-02,0.9801609,0.0029968768,0.6187860071659088,0.0,0.11197742819786072,0.5068086,0.0
2025-12-03,0.9824278,0.00092551485,0.6343339681625366,0.0,0.1298772096633911,0.50445676,0.0
2025-12-04,0.9862026,0.001423277,0.6816307306289673,0.0,0.17749738693237305,0.50413334,0.0
2025-12-05,0.98212075,0.00046425126,0.6436358243227005,0.0,0.14034689962863922,0.5032889,0.0
2025-12-08,0.98280275,0.0015468542,0.6490215808153152,0.0,0.1438930779695511,0.5051285,0.0
2025-12-09,0.9761993,0.0020485166,0.6462679207324982,0.0,0.13933369517326355,0.5069342,0.0
2025-12-10,0.9821753,0.0005570147,0.6687644124031067,0.0,0.16010421514511108,0.5086602,0.0
2025-12-11,0.9774379,0.00048268028,0.6541608721017838,0.0,0.14727039635181427,0.5068905,0.0
2025-12-12,0.97035414,0.0015024953,0.6464035660028458,0.0,0.1405157595872879,0.5058878,0.0
2025-12-15,0.981612,0.0032703318,0.6527003645896912,0.0,0.15014111995697021,0.50255924,0.0
2025-12-16,0.9768639,0.00035456754,0.6367092728614807,0.0,0.13663184642791748,0.5000774,0.0
2025-12-17,0.9818768,0.0014014039,0.6214228719472885,0.0,0.12261597812175751,0.4988069,0.0
2025-12-18,0.9893568,0.0007150229,0.6458990275859833,0.0,0.14642608165740967,0.49947295,0.0
2025-12-19,0.9894732,0.00021668524,0.6612255126237869,0.0,0.1592598706483841,0.50196564,0.0
2025-12-22,0.99196464,0.00019761175,0.6981009691953659,0.0,0.1942151039838791,0.50388587,0.0
2025-12-23,0.9934865,0.0014569052,0.7163586318492889,0.0,0.20890644192695618,0.5074522,0.0
2025-12-24,0.9896059,0.0009845681,0.736817479133606,0.0,0.2266373634338379,0.5101801,0.0
2025-12-25,0.9874016,0.0006701648,0.7507976293563843,0.0,0.23896455764770508,0.5118331,0.0
2025-12-26,0.99010944,0.001216339,0.7442279607057571,0.0,0.2338985949754715,0.51032937,0.0
2025-12-29,0.9843334,0.0013141818,0.7681885361671448,0.0,0.2588907480239868,0.5092978,0.0
2025-12-30,1.0017275,0.0014368016,0.7455160617828369,0.0,0.2387956976890564,0.50672036,0.0
2025-12-31,1.0122461,0.0007602796,0.7131450325250626,0.0,0.2119460254907608,0.501199,0.0
2026-01-05,1.0143657,0.00072758086,0.7003426402807236,0.0,0.19556604325771332,0.5047766,0.0
2026-01-06,1.0121516,0.00084544346,0.716904491186142,0.0,0.20738664269447327,0.50951785,0.0
2026-01-07,1.0160903,0.0025838502,0.6850947588682175,0.0,0.17192481458187103,0.51316994,0.0
2026-01-08,1.0243995,0.0016289745,0.6685231029987335,0.0,0.1526741087436676,0.515849,0.0
2026-01-09,1.0125438,0.0017192066,0.6570319384336472,0.0,0.13629411160945892,0.5207378,0.0
2026-01-12,1.0144277,0.0027596895,0.6243577152490616,0.0,0.09796155989170074,0.52639616,0.0
2026-01-13,1.0157124,0.0011614468,0.6117593124508858,0.0,0.0878295972943306,0.5239297,0.0
2026-01-14,1.018968,0.0030109696,0.612269401550293,0.0,0.09070032835006714,0.5215691,0.0
2026-01-15,1.0163625,0.0018678419,0.6390595659613609,0.0,0.11653681844472885,0.52252275,0.0
2026-01-16,1.0151907,0.00392507,0.6534744948148727,0.0,0.12970833480358124,0.52376616,0.0
2026-01-19,1.0245752,0.0018542409,0.6313876435160637,0.0,0.11957638710737228,0.51181126,0.0
2026-01-20,1.0218513,0.00082658045,0.636066123843193,0.0,0.1290328949689865,0.5070332,0.0
2026-01-21,1.0218204,0.0032044146,0.6253408566117287,0.0,0.11906979233026505,0.50627106,0.0
2026-01-22,1.017433,0.0015133191,0.6341403722763062,0.0,0.13139700889587402,0.50274336,0.0
2026-01-23,1.0161686,0.0016033966,0.6223623901605606,0.0,0.12261597812175751,0.4997464,0.0
2026-01-26,1.020716,0.0011760183,0.6024315804243088,0.0,0.10049454867839813,0.50193703,0.0
2026-01-27,1.0309336,0.00032698177,0.6057083234190941,0.0,0.10133888572454453,0.50436944,0.0
2026-01-28,1.0219737,0.00050582923,0.6010449230670929,0.0,0.0950908362865448,0.5059541,0.0
2026-01-29,1.003323,0.008685239,0.6147337257862091,0.0,0.11028876900672913,0.50444496,0.0
2026-01-30,1.0125203,0.0023310967,0.6237218976020813,0.0,0.12396690249443054,0.499755,0.0
2026-02-02,1.0166056,0.005371362,0.6221925690770149,0.0,0.12413576990365982,0.4980568,0.0
2026-02-03,1.0146172,0.0009402372,0.630868062376976,0.0,0.13291679322719574,0.49795127,0.0
2026-02-04,1.0072353,0.0043255724,0.6281353086233139,0.0,0.13696958124637604,0.49116573,0.0
2026-02-05,1.0194271,0.0030203722,0.6450682878494263,0.0,0.15571367740631104,0.4893546,0.0
2026-02-06,1.0171865,0.0013844054,0.6784151867032051,0.0,0.15064772963523865,0.49066132,0.03710613399744034
2026-02-09,1.0139308,0.0009213146,0.6480997055768967,0.0,0.15605144202709198,0.49204826,0.0
